0.000000000000000000e+00 -3.078045306697126809e-02 9.995257197133659011e-01
0.000000000000000000e+00 -1.847574969457220842e-02 -9.998292504580527096e-01
0.000000000000000000e+00 -6.159829767619141340e-03 9.999810273487268475e-01
0.000000000000000000e+00 6.159829767619386803e-03 -9.999810273487268475e-01
0.000000000000000000e+00 1.847574969457245475e-02 9.998292504580527096e-01
0.000000000000000000e+00 3.078045306697151443e-02 -9.995257197133659011e-01
1.858173625785224711e-03 -4.306646974807269712e-02 -9.990704811844931532e-01
1.858173625785264609e-03 4.306646974807316203e-02 9.990704811844931532e-01
3.070431552363167560e-03 -5.532634094575042405e-02 9.984636039674339436e-01
3.070431552363169728e-03 5.532634094575044487e-02 -9.984636039674339436e-01
4.584373454219815500e-03 -6.755262374069610776e-02 -9.977051801738728853e-01
4.584373454219877950e-03 6.755262374069656572e-02 9.977051801738728853e-01
6.399080223215484857e-03 -7.973789560499033868e-02 9.967953249171991326e-01
6.399080223215487459e-03 7.973789560499035256e-02 -9.967953249171991326e-01
8.513450158049027522e-03 -9.187475890828472602e-02 -9.957341762950345787e-01
8.513450158049114258e-03 9.187475890828518399e-02 9.957341762950344677e-01
1.092619963309715211e-02 -1.039558454088795325e-01 9.945218953682734009e-01
1.092619963309715732e-02 1.039558454088795603e-01 -9.945218953682734009e-01
1.363586387769749955e-02 -1.159738207269485621e-01 -9.931586661366362812e-01
1.363586387769766088e-02 1.159738207269492422e-01 9.931586661366361701e-01
1.664079786540622469e-02 1.279213887972176222e-01 -9.916446955107427463e-01
1.664079786540627673e-02 -1.279213887972178165e-01 9.916446955107427463e-01
1.993917731268577548e-02 -1.397912962983713647e-01 -9.899802132807070665e-01
1.993917731268596283e-02 1.397912962983720031e-01 9.899802132807069555e-01
2.352899978642170042e-02 -1.515763370565216817e-01 9.881654720812593773e-01
2.352899978642191553e-02 1.515763370565223478e-01 -9.881654720812592663e-01
2.740808591959001742e-02 -1.632693564200410341e-01 -9.862007473534026847e-01
2.740808591959024987e-02 1.632693564200417002e-01 9.862007473534025737e-01
3.157408073434465196e-02 -1.748632556031304575e-01 9.840863373026044192e-01
3.157408073434489482e-02 1.748632556031311236e-01 -9.840863373026043082e-01
3.602445507171266048e-02 1.863509959954569584e-01 9.818225628535368621e-01
3.602445507171274375e-02 -1.863509959954571804e-01 -9.818225628535368621e-01
4.075650712703841883e-02 -1.977256034352710690e-01 9.794097676013658882e-01
4.075650712703869638e-02 1.977256034352717351e-01 -9.794097676013657772e-01
4.576736409023819674e-02 -2.089801724433917873e-01 -9.768483177596006817e-01
4.576736409023819674e-02 2.089801724433917873e-01 9.768483177596006817e-01
5.105398388987092417e-02 -2.201078704154935950e-01 9.741386021045100874e-01
5.105398388987113928e-02 2.201078704154940391e-01 -9.741386021045099763e-01
5.661315703996905313e-02 -2.311019417701566103e-01 -9.712810319161138128e-01
5.661315703996906701e-02 2.311019417701566381e-01 9.712810319161138128e-01
6.244150858850360669e-02 -2.419557120501507064e-01 9.682760409157589176e-01
6.244150858850382874e-02 2.419557120501510949e-01 -9.682760409157588066e-01
6.853550016630513553e-02 -2.526625919744739934e-01 -9.651240852002891391e-01
6.853550016630513553e-02 2.526625919744739934e-01 9.651240852002890280e-01
7.489143213519282305e-02 -2.632160814386777514e-01 9.618256431728191558e-01
7.489143213519305897e-02 2.632160814386781400e-01 -9.618256431728190448e-01
8.150544583401100884e-02 -2.736097734610555277e-01 -9.583812154701223385e-01
8.150544583401113374e-02 2.736097734610556942e-01 9.583812154701222275e-01
8.837352592120635564e-02 -2.838373580722950429e-01 9.547913248866443103e-01
8.837352592120649442e-02 2.838373580722952094e-01 -9.547913248866443103e-01
9.549150281252616335e-02 -2.938926261462364020e-01 -9.510565162951536422e-01
9.549150281252630212e-02 2.938926261462365686e-01 9.510565162951535312e-01
1.028550552123568829e-01 -3.037694731694083328e-01 9.471773565640402293e-01
1.028550552123570633e-01 3.037694731694086103e-01 -9.471773565640402293e-01
1.104597127371646087e-01 -3.134619029470530061e-01 -9.431544344712775585e-01
1.104597127371647614e-01 3.134619029470531726e-01 9.431544344712774475e-01
1.183008586294483910e-01 -3.229640312433935123e-01 9.389883606150566386e-01
1.183008586294485437e-01 3.229640312433936788e-01 -9.389883606150565276e-01
1.263737325605542861e-01 -3.322700893539287104e-01 -9.346797673211106883e-01
1.263737325605545914e-01 3.322700893539290989e-01 9.346797673211105772e-01
1.346734335206534183e-01 -3.413744276075927342e-01 9.302293085467403522e-01
1.346734335206534183e-01 3.413744276075927342e-01 -9.302293085467403522e-01
1.431949227941235747e-01 -3.502715187966451982e-01 -9.256376597815564322e-01
1.431949227941239078e-01 3.502715187966455312e-01 9.256376597815562102e-01
1.519330270185366150e-01 -3.589559615322208685e-01 9.209055179449536777e-01
1.519330270185366150e-01 3.589559615322208685e-01 -9.209055179449536777e-01
1.608824413253826524e-01 -3.674224835234874975e-01 -9.160336012803336203e-01
1.608824413253830132e-01 3.674224835234878861e-01 9.160336012803335093e-01
1.700377325606385603e-01 -3.756659447784365113e-01 9.110226492460884451e-01
1.700377325606385881e-01 3.756659447784365669e-01 -9.110226492460884451e-01
1.793933425832103801e-01 -3.836813407243480634e-01 -9.058734224033673232e-01
1.793933425832109352e-01 3.836813407243485630e-01 9.058734224033671012e-01
1.889435916392628867e-01 3.914638052460512885e-01 -9.005867023006375316e-01
1.889435916392630255e-01 -3.914638052460513995e-01 9.005867023006374206e-01
1.986826818103712977e-01 -3.990086136401193584e-01 -8.951632913550625625e-01
1.986826818103718528e-01 3.990086136401198025e-01 8.951632913550623405e-01
2.086047005334194793e-01 -4.063111854832227587e-01 8.896040127307095480e-01
2.086047005334200344e-01 4.063111854832232028e-01 -8.896040127307093259e-01
2.187036241900878752e-01 -4.133670874128813066e-01 -8.839097102136123096e-01
2.187036241900884581e-01 4.133670874128816952e-01 8.839097102136119766e-01
2.289733217637751894e-01 -4.201720358189462434e-01 8.780812480836980294e-01
2.289733217637757723e-01 4.201720358189466320e-01 -8.780812480836976963e-01
2.394075585617075896e-01 -4.267218994441580593e-01 -8.721195109836107351e-01
2.394075585617075896e-01 4.267218994441580593e-01 8.721195109836107351e-01
2.499999999999998335e-01 -4.330127018922191873e-01 8.660254037844387076e-01
2.500000000000004441e-01 4.330127018922195758e-01 -8.660254037844383745e-01
2.607442154493567754e-01 -4.390406240418489592e-01 -8.597998514483723431e-01
2.607442154493567754e-01 4.390406240418489592e-01 8.597998514483723431e-01
2.716336821390794576e-01 -4.448020063653546630e-01 8.534437988883161186e-01
2.716336821390800127e-01 4.448020063653549405e-01 -8.534437988883157855e-01
2.826617891170175589e-01 -4.502933511503187103e-01 -8.469582108244670948e-01
2.826617891170175589e-01 4.502933511503187103e-01 8.469582108244670948e-01
2.938218412630483334e-01 -4.555113246230442781e-01 8.403440716378927089e-01
2.938218412630484999e-01 4.555113246230442225e-01 -8.403440716378924868e-01
3.051070633536602794e-01 -4.604527589724768388e-01 -8.336023852211195129e-01
3.051070633536602794e-01 4.604527589724768388e-01 8.336023852211195129e-01
3.165106041751640231e-01 -4.651146542733702316e-01 8.267341748257635015e-01
3.165106041751641341e-01 4.651146542733701761e-01 -8.267341748257632794e-01
3.280255406830357989e-01 -4.694941803075282083e-01 -8.197404829072212351e-01
3.280255406830360210e-01 4.694941803075282638e-01 8.197404829072210131e-01
3.396448822048723781e-01 -4.735886782820201146e-01 8.126223709664456285e-01
3.396448822048726557e-01 4.735886782820202257e-01 -8.126223709664455175e-01
3.513615746843983811e-01 -4.773956624433220441e-01 -8.053809193888327167e-01
3.513615746843986587e-01 4.773956624433221552e-01 8.053809193888326057e-01
3.631685049639584717e-01 -4.809128215864095224e-01 7.980172272802396050e-01
3.631685049639587493e-01 4.809128215864095779e-01 -7.980172272802393829e-01
3.750585051028843542e-01 -4.841380204578794033e-01 -7.905324123001634673e-01
3.750585051028846317e-01 4.841380204578795143e-01 7.905324123001633563e-01
3.870243567291260511e-01 -4.870693010522550437e-01 7.829276104921029100e-01
3.870243567291261622e-01 4.870693010522550437e-01 -7.829276104921027990e-01
3.990587954214945832e-01 -4.897048838006828886e-01 -7.752039761111300109e-01
3.990587954214949717e-01 4.897048838006829996e-01 7.752039761111297889e-01
4.111545151198653936e-01 -4.920431686513021541e-01 7.673626814486971259e-01
4.111545151198656711e-01 4.920431686513022096e-01 -7.673626814486969039e-01
4.233041725606569439e-01 -4.940827360406296886e-01 -7.594049166547074403e-01
4.233041725606573880e-01 4.940827360406297442e-01 7.594049166547071072e-01
4.355003917348985176e-01 -4.958223477553714287e-01 7.513318895568732447e-01
4.355003917348986842e-01 4.958223477553713732e-01 -7.513318895568730227e-01
4.477357683661726817e-01 -4.972609476841365894e-01 -7.431448254773945772e-01
4.477357683661732923e-01 4.972609476841367004e-01 7.431448254773942441e-01
4.600028744057292340e-01 -4.983976624585995663e-01 7.348449670469756612e-01
4.600028744057294006e-01 4.983976624585995663e-01 -7.348449670469755501e-01
4.722942625420145091e-01 -4.992318019837170273e-01 -7.264335740162245481e-01
4.722942625420149532e-01 4.992318019837169718e-01 7.264335740162241040e-01
4.846024707219147576e-01 -4.997628598566828950e-01 7.179119230644419591e-01
4.846024707219150351e-01 4.997628598566829505e-01 -7.179119230644417371e-01
4.969200266809300492e-01 -4.999905136743634793e-01 -7.092813076058539501e-01
4.969200266809307154e-01 4.999905136743634237e-01 7.092813076058533950e-01
5.092394524795649247e-01 -4.999146252290264103e-01 7.005430375932910625e-01
5.092394524795650357e-01 4.999146252290262993e-01 -7.005430375932908404e-01
5.215532690431478047e-01 4.995352405922465211e-01 6.916984393193699177e-01
5.215532690431479157e-01 -4.995352405922465766e-01 -6.916984393193699177e-01
5.338540007023535594e-01 -4.988525900869364427e-01 6.827488552151855794e-01
5.338540007023537814e-01 4.988525900869364427e-01 -6.827488552151854684e-01
5.461341797316509039e-01 4.978670881475172338e-01 6.736956436465572073e-01
5.461341797316511260e-01 -4.978670881475172338e-01 -6.736956436465570963e-01
5.583863508829278732e-01 -4.965793330683180851e-01 6.645401787078581979e-01
5.583863508829282063e-01 4.965793330683180851e-01 -6.645401787078579758e-01
5.706030759115456874e-01 -4.949901066403534777e-01 -6.552838500134535726e-01
5.706030759115456874e-01 4.949901066403534777e-01 6.552838500134535726e-01
5.827769380920646558e-01 -4.931003736767013423e-01 6.459280624867875797e-01
5.827769380920653219e-01 4.931003736767012313e-01 -6.459280624867870246e-01
5.949005467209128595e-01 -4.909112814267684866e-01 -6.364742361471414922e-01
5.949005467209128595e-01 4.909112814267683755e-01 6.364742361471413812e-01
6.069665416032488103e-01 -4.884241588798003963e-01 6.269238058941064562e-01
6.069665416032489214e-01 4.884241588798002853e-01 -6.269238058941062341e-01
6.189675975213093650e-01 -4.856405159580569619e-01 -6.172782212897930387e-01
6.189675975213094761e-01 4.856405159580569619e-01 6.172782212897929277e-01
6.308964286815200717e-01 -4.825620426001444585e-01 6.075389463388168876e-01
6.308964286815204048e-01 4.825620426001445140e-01 -6.075389463388167766e-01
6.427457931376708844e-01 -4.791906077350612247e-01 -5.977074592660938102e-01
6.427457931376711064e-01 4.791906077350611137e-01 5.977074592660935881e-01
6.545084971874736146e-01 -4.755282581475768211e-01 5.877852522924732481e-01
6.545084971874737256e-01 4.755282581475767101e-01 -5.877852522924730261e-01
6.661773997398294789e-01 -4.715772172356388348e-01 -5.777738314082513371e-01
6.661773997398299230e-01 4.715772172356387792e-01 5.777738314082511151e-01
6.777454166501589716e-01 -4.673398836605554552e-01 5.676747161445903078e-01
6.777454166501591937e-01 4.673398836605553441e-01 -5.676747161445900858e-01
6.892055250211548412e-01 -4.628188298907783271e-01 -5.574894393428858619e-01
6.892055250211552853e-01 4.628188298907781606e-01 5.574894393428855288e-01
7.005507674663591366e-01 -4.580168006401668657e-01 5.472195469221113884e-01
7.005507674663592477e-01 4.580168006401666991e-01 -5.472195469221111663e-01
7.117742563339618522e-01 -4.529367112016837171e-01 -5.368665976441803211e-01
7.117742563339622963e-01 4.529367112016836061e-01 5.368665976441799881e-01
7.228691778882688768e-01 -4.475816456775312813e-01 5.264321628773560580e-01
7.228691778882694319e-01 4.475816456775310037e-01 -5.264321628773555029e-01
7.338287964462929525e-01 -4.419548551068062103e-01 -5.159178263577515189e-01
7.338287964462935076e-01 4.419548551068060438e-01 5.159178263577510748e-01
7.446464584669617581e-01 -4.360597554918053675e-01 5.053251839489479869e-01
7.446464584669619802e-01 4.360597554918052010e-01 -5.053251839489477648e-01
7.553155965904529978e-01 -4.298999257241864491e-01 -4.946558433997793047e-01
7.553155965904535529e-01 4.298999257241862271e-01 4.946558433997788051e-01
7.658297336252180010e-01 -4.234791054122336029e-01 4.839114241003016348e-01
7.658297336252182230e-01 4.234791054122334364e-01 -4.839114241003014127e-01
7.761824864802524537e-01 -4.168011926105600895e-01 -4.730935568360106203e-01
7.761824864802528978e-01 4.168011926105597009e-01 4.730935568360100651e-01
7.863675700402525948e-01 -4.098702414536106176e-01 4.622038835403132762e-01
7.863675700402528168e-01 4.098702414536105065e-01 -4.622038835403130541e-01
7.963788009812767799e-01 -4.026904596944166914e-01 -4.512440570453234434e-01
7.963788009812774460e-01 4.026904596944163028e-01 4.512440570453228328e-01
8.062101015246249114e-01 -3.952662061500817892e-01 4.402157408309874675e-01
8.062101015246251334e-01 3.952662061500816226e-01 -4.402157408309872455e-01
8.158555031266254698e-01 3.876019880555648944e-01 4.291206087726089358e-01
8.158555031266255808e-01 -3.876019880555648389e-01 -4.291206087726088247e-01
8.253091501021209142e-01 -3.797024583273537202e-01 4.179603448867836302e-01
8.253091501021211362e-01 3.797024583273535536e-01 -4.179603448867834081e-01
8.345653031794290078e-01 -3.715724127386970665e-01 -4.067366430758001528e-01
8.345653031794290078e-01 3.715724127386970665e-01 4.067366430758001528e-01
8.436183429846312309e-01 -3.632167870081122740e-01 3.954512068705428041e-01
8.436183429846315640e-01 3.632167870081117744e-01 -3.954512068705421934e-01
8.524627734530735301e-01 -3.546406538029266975e-01 -3.841057491719258588e-01
8.524627734530737522e-01 3.546406538029267530e-01 3.841057491719258588e-01
8.610932251660048387e-01 -3.458492196596849588e-01 3.727019919909139167e-01
8.610932251660048387e-01 3.458492196596847368e-01 -3.727019919909136947e-01
8.695044586103295448e-01 -3.368478218232786592e-01 -3.612416661871530321e-01
8.695044586103295448e-01 3.368478218232786037e-01 3.612416661871529211e-01
8.776913673594968213e-01 -3.276419250067267308e-01 3.497265112062611370e-01
8.776913673594970433e-01 3.276419250067265643e-01 -3.497265112062609149e-01
8.856489811735902551e-01 -3.182371180735708016e-01 -3.381582748158172280e-01
8.856489811735902551e-01 3.182371180735706906e-01 3.381582748158171170e-01
8.933724690167414995e-01 -3.086391106448965194e-01 3.265387128400833450e-01
8.933724690167417215e-01 3.086391106448963528e-01 -3.265387128400831229e-01
9.008571419900331945e-01 -2.988537296330470161e-01 -3.148695888935080789e-01
9.008571419900334165e-01 2.988537296330467941e-01 3.148695888935078568e-01
9.080984561781106912e-01 -2.888869157041256686e-01 3.031526741130436409e-01
9.080984561781109132e-01 2.888869157041254465e-01 -3.031526741130433633e-01
9.150920154077751834e-01 -2.787447196714429865e-01 -2.913897468893248965e-01
9.150920154077754054e-01 2.787447196714427644e-01 2.913897468893246190e-01
9.218335739168830312e-01 -2.684332988220901606e-01 2.795825925967440062e-01
9.218335739168832532e-01 2.684332988220899940e-01 -2.795825925967437842e-01
9.283190389319311286e-01 -2.579589131788758150e-01 -2.677330033224682437e-01
9.283190389319313507e-01 2.579589131788755374e-01 2.677330033224679107e-01
9.345444731527641213e-01 -2.473279216998896524e-01 2.558427775944358551e-01
9.345444731527641213e-01 2.473279216998894303e-01 -2.558427775944356330e-01
9.405060971428921279e-01 -2.365467784180054212e-01 -2.439137201083775575e-01
9.405060971428923500e-01 2.365467784180050326e-01 2.439137201083771411e-01
9.462002916239737882e-01 -2.256220285226617217e-01 2.319476414538984843e-01
9.462002916239740102e-01 2.256220285226610833e-01 -2.319476414538978182e-01
9.516235996730642022e-01 -2.145603043863049397e-01 -2.199463578396691210e-01
9.516235996730643132e-01 2.145603043863044401e-01 2.199463578396685937e-01
9.567727288213005998e-01 -2.033683215379001041e-01 2.079116908177593148e-01
9.567727288213005998e-01 2.033683215378998543e-01 -2.079116908177590650e-01
9.616445530527444330e-01 -1.920528745859634567e-01 -1.958454670071675119e-01
9.616445530527446550e-01 1.920528745859629294e-01 1.958454670071669568e-01
9.662361147021779617e-01 -1.806208330935765161e-01 1.837495178165703680e-01
9.662361147021779617e-01 1.806208330935762663e-01 -1.837495178165701182e-01
9.705446262506856048e-01 -1.690791374079091691e-01 -1.716256791663602621e-01
9.705446262506858268e-01 1.690791374079085585e-01 1.716256791663596237e-01
9.745674720179505757e-01 -1.574347944467540394e-01 1.594757912099808994e-01
9.745674720179505757e-01 1.574347944467537896e-01 -1.594757912099806496e-01
9.783022097502201975e-01 -1.456948734446630034e-01 -1.473016980546382193e-01
9.783022097502204195e-01 1.456948734446623095e-01 1.473016980546374977e-01
9.817465721029915438e-01 -1.338665016612341219e-01 1.351052474813931314e-01
9.817465721029915438e-01 1.338665016612338998e-01 -1.351052474813929094e-01
9.848984680175046913e-01 -1.219568600541884734e-01 -1.228882906647140172e-01
9.848984680175046913e-01 1.219568600541885706e-01 1.228882906647141143e-01
9.877559839902182448e-01 -1.099731789198345466e-01 1.106526818915010979e-01
9.877559839902182448e-01 1.099731789198343246e-01 -1.106526818915008620e-01
9.903173852344888672e-01 -9.792273350358345063e-02 -9.840027827964267781e-02
9.903173852344888672e-01 9.792273350358347839e-02 9.840027827964270557e-02
9.925811167337531549e-01 -8.581283958318013105e-02 8.613293949614632405e-02
9.925811167337533769e-01 8.581283958317945104e-02 -8.613293949614563016e-02
9.945458041855729237e-01 -7.365084902731877659e-02 -7.385252747487398850e-02
9.945458041855729237e-01 7.365084902731874883e-02 7.385252747487396074e-02
9.962102548359679233e-01 -6.144414533235700859e-02 6.156090613394278599e-02
9.962102548359679233e-01 6.144414533235675879e-02 -6.156090613394253619e-02
9.975734582035322706e-01 -4.920013913982146381e-02 -4.925994109281695704e-02
9.975734582035322706e-01 4.920013913982135972e-02 4.925994109281685296e-02
9.986345866928940662e-01 -3.692626373743699425e-02 3.695149938914490950e-02
9.986345866928940662e-01 3.692626373743675833e-02 -3.695149938914466664e-02
9.993929960971449367e-01 -2.462997054640859995e-02 -2.463744919538214673e-02
9.993929960971449367e-01 2.462997054640842301e-02 2.463744919538196979e-02
9.998482259889359680e-01 -1.231872459769107336e-02 1.231965953523852901e-02
9.998482259889359680e-01 1.231872459769082877e-02 -1.231965953523828441e-02
1.000000000000000000e+00 0.000000000000000000e+00 0.000000000000000000e+00
