-9.996205851289268196e-01 -1.231591992695306795e-02 2.463744919538165754e-02
-9.996205851289268196e-01 1.231591992695331254e-02 -2.463744919538214673e-02
-9.965880985191484243e-01 -3.685059125117775419e-02 7.385252747487350278e-02
-9.965880985191483132e-01 3.685059125117799705e-02 -7.385252747487398850e-02
-9.905382142104730558e-01 -6.109430584131345099e-02 1.228882906647135315e-01
-9.905382142104729448e-01 6.109430584131369385e-02 -1.228882906647140172e-01
-9.815010285088087150e-01 -8.485491904914443939e-02 1.716256791663589021e-01
-9.815010285088083819e-01 8.485491904914510553e-02 -1.716256791663602621e-01
-9.695214825280464854e-01 -1.079430154742912207e-01 2.199463578396686492e-01
-9.695214825280463744e-01 1.079430154742914427e-01 -2.199463578396691210e-01
-9.546591194187417084e-01 -1.301729796945747530e-01 2.677330033224677996e-01
-9.546591194187414864e-01 1.301729796945749196e-01 -2.677330033224682437e-01
-9.369877627368154993e-01 -1.513640461651660496e-01 3.148695888935076348e-01
-9.369877627368153883e-01 1.513640461651662716e-01 -3.148695888935080789e-01
-9.165951177067580558e-01 -1.713413225303925536e-01 3.612416661871525325e-01
-9.165951177067579447e-01 1.713413225303927756e-01 -3.612416661871530321e-01
-8.935822975543767921e-01 -1.899367807373566752e-01 4.067366430757997087e-01
-8.935822975543765700e-01 1.899367807373568695e-01 -4.067366430758001528e-01
-8.680632774928541684e-01 -2.069902105164443673e-01 4.512440570453221667e-01
-8.680632774928533912e-01 2.069902105164448114e-01 -4.512440570453234434e-01
-8.401642793404697773e-01 -2.223501299994276870e-01 4.946558433997788606e-01
-8.401642793404695553e-01 2.223501299994277980e-01 -4.946558433997793047e-01
-8.100230901266755046e-01 -2.358746484800647303e-01 5.368665976441798771e-01
-8.100230901266751715e-01 2.358746484800648413e-01 -5.368665976441803211e-01
-7.777883184032066133e-01 -2.474322765835979265e-01 5.777738314082508930e-01
-7.777883184032062802e-01 2.474322765835980653e-01 -5.777738314082513371e-01
-7.436185923166346301e-01 -2.569026793989046542e-01 6.172782212897927057e-01
-7.436185923166344081e-01 2.569026793989047652e-01 -6.172782212897930387e-01
-7.076817038162989126e-01 -2.641773684387183074e-01 6.552838500134532396e-01
-7.076817038162985796e-01 2.641773684387183629e-01 -6.552838500134535726e-01
-6.701537036652395196e-01 -2.691603286275870976e-01 6.916984393193695846e-01
-6.701537036652391865e-01 2.691603286275871532e-01 -6.916984393193699177e-01
-6.312179521899261569e-01 -2.717685768722569728e-01 7.264335740162235489e-01
-6.312179521899251577e-01 2.717685768722570283e-01 -7.264335740162245481e-01
-5.910641309458033454e-01 -2.719326491430178461e-01 7.594049166547071072e-01
-5.910641309458030124e-01 2.719326491430178461e-01 -7.594049166547074403e-01
-5.498872206886343816e-01 -2.695970133851892658e-01 7.905324123001632453e-01
-5.498872206886340486e-01 2.695970133851892658e-01 -7.905324123001634673e-01
-5.078864512251328733e-01 -2.647204059852148461e-01 8.197404829072209020e-01
-5.078864512251324292e-01 2.647204059852147906e-01 -8.197404829072212351e-01
-4.652642288694816552e-01 -2.572760899335662654e-01 8.469582108244668728e-01
-4.652642288694813222e-01 2.572760899335662099e-01 -8.469582108244670948e-01
-4.222250473541304117e-01 -2.472520332545524169e-01 8.721195109836105130e-01
-4.222250473541300231e-01 2.472520332545523336e-01 -8.721195109836107351e-01
-3.789743881331567588e-01 -2.346510067088395934e-01 8.951632913550620074e-01
-3.789743881331555375e-01 2.346510067088391771e-01 -8.951632913550625625e-01
-3.357176160739239190e-01 -2.194906002156457037e-01 9.160336012803335093e-01
-3.357176160739235304e-01 2.194906002156455649e-01 -9.160336012803336203e-01
-2.926588765574843487e-01 -2.018031578857619190e-01 9.346797673211105772e-01
-2.926588765574839601e-01 2.018031578857617248e-01 -9.346797673211106883e-01
-2.720411466140504331e-01 -6.212861570602083994e-01 7.348449670469756612e-01
-2.720411466140503776e-01 6.212861570602091765e-01 -7.348449670469749950e-01
-2.715849458006316386e-01 5.808580999989022553e-01 -7.673626814486962378e-01
-2.715849458006315831e-01 -5.808580999989011451e-01 7.673626814486971259e-01
-2.700379678518063931e-01 -6.605444333260492851e-01 7.005430375932910625e-01
-2.700379678518062820e-01 6.605444333260499512e-01 -7.005430375932903964e-01
-2.686173719536818494e-01 5.394564045858173396e-01 -7.980172272802387168e-01
-2.686173719536817384e-01 -5.394564045858162293e-01 7.980172272802396050e-01
-2.656414263098719197e-01 -6.984418254307116491e-01 6.645401787078581979e-01
-2.656414263098718642e-01 6.984418254307124263e-01 -6.645401787078575317e-01
-2.631007720013436302e-01 4.972811960525576058e-01 -8.267341748257627243e-01
-2.631007720013434636e-01 -4.972811960525564401e-01 8.267341748257635015e-01
-2.589311681249772401e-01 -7.347932986743166417e-01 6.269238058941064562e-01
-2.589311681249771291e-01 7.347932986743169748e-01 -6.269238058941060121e-01
-2.550120716045495839e-01 -4.545355051863775864e-01 8.534437988883161186e-01
-2.550120716045495839e-01 4.545355051863775864e-01 -8.534437988883161186e-01
-2.500000000000002776e-01 -1.816356320013403636e-01 9.510565162951535312e-01
-2.500000000000000000e-01 -7.694208842938132786e-01 5.877852522924732481e-01
-2.499999999999999167e-01 7.694208842938136117e-01 -5.877852522924728040e-01
-2.499999999999998057e-01 1.816356320013401415e-01 -9.510565162951536422e-01
-2.443429334810579279e-01 4.114241760296136197e-01 -8.780812480836980294e-01
-2.443429334810579001e-01 -4.114241760296136197e-01 8.780812480836980294e-01
-2.389533482328805025e-01 -8.021546389784546260e-01 5.472195469221113884e-01
-2.389533482328804193e-01 8.021546389784549591e-01 -5.472195469221109443e-01
-2.310998348224188315e-01 3.681527644664831511e-01 -9.005867023006374206e-01
-2.310998348224188037e-01 -3.681527644664830956e-01 9.005867023006374206e-01
-2.259086485243559927e-01 8.328335613967902118e-01 -5.053251839489479869e-01
-2.259086485243559650e-01 -8.328335613967899898e-01 5.053251839489479869e-01
-2.153040633616980781e-01 3.249264337022747529e-01 -9.209055179449535666e-01
-2.153040633616979393e-01 -3.249264337022745308e-01 9.209055179449536777e-01
-2.109946699180519358e-01 -8.613064607364935288e-01 4.622038835403132762e-01
-2.109946699180519358e-01 8.613064607364935288e-01 -4.622038835403132206e-01
-2.079394197664882482e-01 -1.590493567213699111e-01 9.651240852002889170e-01
-2.079394197664878319e-01 1.590493567213696613e-01 -9.651240852002891391e-01
-1.969916320943412291e-01 2.819488526563930231e-01 -9.389883606150564166e-01
-1.969916320943410626e-01 -2.819488526563925790e-01 9.389883606150566386e-01
-1.943507765863795589e-01 -8.874327725199200323e-01 4.179603448867836302e-01
-1.943507765863795589e-01 8.874327725199200323e-01 -4.179603448867835747e-01
-1.762131130991324846e-01 2.394211032743750189e-01 -9.547913248866441993e-01
-1.762131130991322903e-01 -2.394211032743746304e-01 9.547913248866443103e-01
-1.761261315153119233e-01 9.110833172457146745e-01 -3.727019919909143053e-01
-1.761261315153117568e-01 -9.110833172457148965e-01 3.727019919909139167e-01
-1.666711093745665562e-01 -1.341197427304782475e-01 9.768483177596005707e-01
-1.666711093745661676e-01 1.341197427304779977e-01 -9.768483177596006817e-01
-1.564788464585783190e-01 -9.321409977185501905e-01 3.265387128400833450e-01
-1.564788464585777361e-01 9.321409977185507456e-01 -3.265387128400820682e-01
-1.530333913483368224e-01 1.975406027148108867e-01 -9.682760409157586956e-01
-1.530333913483364339e-01 -1.975406027148103039e-01 9.682760409157589176e-01
-1.355750828254061457e-01 -9.505014312633975893e-01 2.795825925967440062e-01
-1.355750828254055351e-01 9.505014312633980333e-01 -2.795825925967426739e-01
-1.275313398334058657e-01 1.565000462854088947e-01 -9.794097676013657772e-01
-1.275313398334053661e-01 -1.565000462854081453e-01 9.794097676013658882e-01
-1.263835447800985834e-01 -1.069358944807929646e-01 9.862007473534024626e-01
-1.263835447800974732e-01 1.069358944807921735e-01 -9.862007473534026847e-01
-1.135881084340360780e-01 -9.660735133758462378e-01 2.319476414538984843e-01
-1.135881084340354397e-01 9.660735133758466819e-01 -2.319476414538971243e-01
-9.979941776268654030e-02 1.164863768886763851e-01 -9.881654720812592663e-01
-9.979941776268598519e-02 -1.164863768886756079e-01 9.881654720812593773e-01
-9.069731530439045786e-02 -9.787799097339267007e-01 1.837495178165703680e-01
-9.069731530438999989e-02 9.787799097339269228e-01 -1.837495178165694520e-01
-8.725869739919285550e-02 -7.760015209968153249e-02 9.931586661366361701e-01
-8.725869739919246693e-02 7.760015209968122718e-02 -9.931586661366362812e-01
-6.994319400804524522e-02 7.767978659246134454e-02 -9.945218953682731788e-01
-6.994319400804450970e-02 -7.767978659246045636e-02 9.945218953682734009e-01
-6.708720387615149661e-02 -9.885574738876193868e-01 1.351052474813931314e-01
-6.708720387615103864e-02 9.885574738876194978e-01 -1.351052474813922155e-01
-4.947106335272118127e-02 -4.622756044797225738e-02 9.977051801738728853e-01
-4.947106335272081351e-02 4.622756044797193126e-02 -9.977051801738728853e-01
-4.294633922195401077e-02 -9.953575883476178943e-01 8.613293949614632405e-02
-4.294633922195355280e-02 9.953575883476180053e-01 -8.613293949614539424e-02
-3.808079838592089150e-02 4.025275576471926825e-02 -9.984636039674339436e-01
-3.808079838592012129e-02 -4.025275576471840783e-02 9.984636039674339436e-01
-1.846628497842003544e-02 -9.991464272127433821e-01 3.695149938914490950e-02
-1.846628497841978911e-02 9.991464272127433821e-01 -3.695149938914441684e-02
-1.318673422124496883e-02 -1.294526821146676707e-02 9.998292504580527096e-01
-1.318673422124461668e-02 1.294526821146642880e-02 -9.998292504580527096e-01
-4.342303752803481492e-03 4.369135006282185395e-03 -9.999810273487268475e-01
-4.342303752802512649e-03 -4.369135006281204409e-03 9.999810273487268475e-01
6.159479160495550699e-03 -9.999051389033898340e-01 -1.231965953523828441e-02
6.159479160495795295e-03 9.999051389033897230e-01 1.231965953523877361e-02
2.143748562886598624e-02 2.210813970894206712e-02 9.995257197133659011e-01
2.143748562886631931e-02 -2.210813970894242447e-02 -9.995257197133659011e-01
3.073665045356567191e-02 -9.976299480042002399e-01 -6.156090613394253619e-02
3.073665045356591824e-02 9.976299480042002399e-01 6.156090613394302885e-02
3.113095772664348226e-02 2.981672511875173986e-02 9.990704811844931532e-01
3.113095772664361410e-02 -2.981672511875185783e-02 -9.990704811844931532e-01
5.425491034212428371e-02 5.878337287859097121e-02 9.967953249171991326e-01
5.425491034212460983e-02 -5.878337287859133897e-02 -9.967953249171991326e-01
5.507120063408000449e-02 -9.923321756604182031e-01 -1.106526818915008620e-01
5.507120063408002530e-02 9.923321756604182031e-01 1.106526818915009036e-01
6.818714042070136983e-02 6.216079181684115718e-02 9.957341762950344677e-01
6.818714042070150860e-02 -6.216079181684126126e-02 -9.957341762950344677e-01
7.897047192703851581e-02 -9.840381784166565282e-01 -1.594757912099806496e-01
7.897047192703852969e-02 9.840381784166565282e-01 1.594757912099807051e-01
8.512974796841360492e-02 9.692122510699333060e-02 9.916446955107428574e-01
8.512974796841392411e-02 -9.692122510699373306e-02 -9.916446955107427463e-01
1.022442655536468514e-01 -9.727892058317135771e-01 -2.079116908177590650e-01
1.022442655536468792e-01 9.727892058317135771e-01 2.079116908177591205e-01
1.066646891232722466e-01 -9.253011081221962364e-02 -9.899802132807069555e-01
1.066646891232722744e-01 9.253011081221963752e-02 9.899802132807069555e-01
1.139378157359750149e-01 1.363534190244591049e-01 9.840863373026044192e-01
1.139378157359752924e-01 -1.363534190244595212e-01 -9.840863373026043082e-01
1.247059167560533449e-01 9.586411776461495338e-01 2.558427775944352445e-01
1.247059167560535115e-01 -9.586411776461494227e-01 -2.558427775944356330e-01
1.405671913123274497e-01 1.769035008597468761e-01 9.741386021045100874e-01
1.405671913123277272e-01 -1.769035008597472647e-01 -9.741386021045099763e-01
1.461733504489264035e-01 -9.416643817181609144e-01 -3.031526741130433633e-01
1.461733504489269864e-01 9.416643817181603593e-01 3.031526741130446956e-01
1.463931966229469750e-01 -1.208035059682782270e-01 -9.818225628535368621e-01
1.463931966229470027e-01 1.208035059682782270e-01 9.818225628535368621e-01
1.649187965125496202e-01 2.183877805465430921e-01 9.618256431728191558e-01
1.649187965125498423e-01 -2.183877805465435085e-01 -9.618256431728190448e-01
1.664701117103190575e-01 -9.219430943754884922e-01 -3.497265112062609149e-01
1.664701117103196126e-01 9.219430943754878260e-01 3.497265112062621917e-01
1.854263654617473167e-01 -8.995751252542936172e-01 -3.954512068705421934e-01
1.854263654617478441e-01 8.995751252542929510e-01 3.954512068705434702e-01
1.869069102836397878e-01 2.606163120385601717e-01 9.471773565640403403e-01
1.869069102836400098e-01 -2.606163120385606158e-01 -9.471773565640402293e-01
1.871943102797896941e-01 -1.468722139781475644e-01 -9.712810319161139239e-01
1.871943102797899439e-01 1.468722139781477032e-01 9.712810319161138128e-01
2.028798598557516042e-01 -8.746712891078199936e-01 -4.402157408309872455e-01
2.028798598557519373e-01 8.746712891078194385e-01 4.402157408309880782e-01
2.064596081803065641e-01 3.033939084930469821e-01 9.302293085467404632e-01
2.064596081803067862e-01 -3.033939084930474261e-01 -9.302293085467403522e-01
2.186768480875158627e-01 -8.473548074659916773e-01 -4.839114241003014127e-01
2.186768480875161402e-01 8.473548074659911222e-01 4.839114241003021899e-01
2.235191259493480853e-01 3.465211867916270227e-01 9.110226492460885561e-01
2.235191259493482796e-01 -3.465211867916275224e-01 -9.110226492460884451e-01
2.288826826730689379e-01 -1.706404506744812755e-01 -9.583812154701223385e-01
2.288826826730693820e-01 1.706404506744815253e-01 9.583812154701222275e-01
2.326729635742880165e-01 -8.177606434096883481e-01 -5.264321628773555029e-01
2.326729635742882663e-01 8.177606434096879040e-01 5.264321628773562800e-01
2.380421452546012673e-01 3.897956357067203226e-01 8.896040127307098810e-01
2.380421452546016559e-01 -3.897956357067215438e-01 -8.896040127307093259e-01
2.447340437011402969e-01 -7.860347730882186745e-01 -5.676747161445900858e-01
2.447340437011403802e-01 7.860347730882183415e-01 5.676747161445905299e-01
2.499999999999998335e-01 4.330127018922185211e-01 8.660254037844391517e-01
2.500000000000001110e-01 -4.330127018922197424e-01 -8.660254037844383745e-01
2.547368976126476725e-01 -7.523333979534629901e-01 -6.075389463388167766e-01
2.547368976126477835e-01 7.523333979534627680e-01 6.075389463388171096e-01
2.593788021422505641e-01 4.759668877792850306e-01 8.403440716378932640e-01
2.593788021422507861e-01 -4.759668877792861963e-01 -8.403440716378924868e-01
2.625700138358000313e-01 -7.168221020074180272e-01 -6.459280624867870246e-01
2.625700138358000868e-01 7.168221020074175831e-01 6.459280624867874687e-01
2.661794863246526033e-01 5.184528553926726069e-01 8.126223709664462946e-01
2.661794863246527143e-01 -5.184528553926737171e-01 -8.126223709664455175e-01
2.681342038482283918e-01 -6.796749586596746440e-01 -6.827488552151854684e-01
2.681342038482283918e-01 6.796749586596746440e-01 6.827488552151854684e-01
2.704177731072358037e-01 -5.602665300701530349e-01 -7.829276104921027990e-01
2.704177731072358593e-01 5.602665300701533679e-01 7.829276104921025770e-01
2.712669611420689408e-01 -1.920259058822837706e-01 -9.431544344712776695e-01
2.712669611420693849e-01 1.920259058822839648e-01 9.431544344712774475e-01
2.713431780558382411e-01 -6.410735920660535214e-01 -7.179119230644417371e-01
2.713431780558382411e-01 6.410735920660535214e-01 7.179119230644418481e-01
2.721240510132686419e-01 -6.012061980677068096e-01 -7.513318895568730227e-01
2.721240510132686419e-01 6.012061980677068096e-01 7.513318895568731337e-01
3.141508108292696555e-01 -2.109601641292399576e-01 -9.256376597815565432e-01
3.141508108292702661e-01 2.109601641292402074e-01 9.256376597815562102e-01
3.573339656517808827e-01 -2.273890489332811571e-01 -9.058734224033674343e-01
3.573339656517816598e-01 2.273890489332814624e-01 9.058734224033671012e-01
4.006133014739455267e-01 -2.412728888048412124e-01 -8.839097102136124207e-01
4.006133014739464149e-01 2.412728888048414344e-01 8.839097102136119766e-01
4.437839256323281023e-01 -2.525867035291367024e-01 -8.597998514483730093e-01
4.437839256323291570e-01 2.525867035291369245e-01 8.597998514483723431e-01
4.866402768745421992e-01 -2.613203097295120347e-01 -8.336023852211201790e-01
4.866402768745431984e-01 2.613203097295122013e-01 8.336023852211195129e-01
5.289772297160376668e-01 -2.674783451540397317e-01 -8.053809193888333828e-01
5.289772297160388881e-01 2.674783451540398982e-01 8.053809193888326057e-01
5.705911971943739003e-01 2.710802115717524385e-01 7.752039761111297889e-01
5.705911971943741223e-01 -2.710802115717524385e-01 -7.752039761111296778e-01
6.112812260087742144e-01 -2.721599366096766892e-01 -7.431448254773941331e-01
6.112812260087742144e-01 2.721599366096766337e-01 7.431448254773942441e-01
6.508500780738998293e-01 -2.707659553048152312e-01 -7.092813076058535060e-01
6.508500780738998293e-01 2.707659553048152312e-01 7.092813076058533950e-01
6.891052925904470605e-01 -2.669608125839547652e-01 -6.736956436465573184e-01
6.891052925904470605e-01 2.669608125839546542e-01 6.736956436465572073e-01
7.258602228411391577e-01 -2.608207883162776963e-01 -6.364742361471416032e-01
7.258602228411392687e-01 2.608207883162776408e-01 6.364742361471413812e-01
7.609350420582028374e-01 -2.524354470068567169e-01 -5.977074592660940322e-01
7.609350420582032815e-01 2.524354470068566059e-01 5.977074592660935881e-01
7.941577128768455562e-01 -2.419071146109027237e-01 -5.574894393428859729e-01
7.941577128768460003e-01 2.419071146109025849e-01 5.574894393428855288e-01
8.253649150876224416e-01 -2.293502853468782632e-01 -5.159178263577517409e-01
8.253649150876229967e-01 2.293502853468780966e-01 5.159178263577510748e-01
8.544029266278339030e-01 -2.148909617690903107e-01 -4.730935568360108423e-01
8.544029266278342361e-01 2.148909617690900054e-01 4.730935568360100651e-01
8.811284530069593002e-01 -1.986659317250625001e-01 -4.291206087726098795e-01
8.811284530069598553e-01 1.986659317250621393e-01 4.291206087726089358e-01
9.054094006422637175e-01 -1.808219861678597162e-01 -3.841057491719269135e-01
9.054094006422642726e-01 1.808219861678592999e-01 3.841057491719258588e-01
9.271255898865169431e-01 -1.615150821167101458e-01 -3.381582748158182827e-01
9.271255898865173872e-01 1.615150821167095907e-01 3.381582748158171170e-01
9.461694038586369038e-01 -1.409094553589863574e-01 -2.913897468893260068e-01
9.461694038586374589e-01 1.409094553589857191e-01 2.913897468893246190e-01
9.624463695381457740e-01 -1.191766877612193132e-01 -2.439137201083769468e-01
9.624463695381457740e-01 1.191766877612194103e-01 2.439137201083771411e-01
9.758756679537525791e-01 -9.649473430484092895e-02 -1.958454670071669013e-01
9.758756679537525791e-01 9.649473430484095671e-02 1.958454670071669568e-01
9.863905706831123110e-01 -7.304691518239736503e-02 -1.473016980546375809e-01
9.863905706831123110e-01 7.304691518239733727e-02 1.473016980546374977e-01
9.939388002827179713e-01 -4.902087848091043337e-02 -9.840027827964291374e-02
9.939388002827179713e-01 4.902087848091032929e-02 9.840027827964270557e-02
9.984828126818297012e-01 -2.460753913974616722e-02 -4.925994109281719990e-02
9.984828126818298122e-01 2.460753913974599374e-02 4.925994109281685296e-02
1.000000000000000000e+00 0.000000000000000000e+00 0.000000000000000000e+00
