-4.756274099603644001e-01 -2.414181147304745451e-02 -4.838709677419354982e-01
-4.756274099603644001e-01 4.026394264140178980e-02 -4.838709677419354982e-01
-4.739963610032006947e-01 -5.630335636849765485e-02 -5.483870967741935054e-01
-4.739963610032006947e-01 8.102397745951580785e-03 -5.483870967741935054e-01
-4.707509998583357391e-01 7.689712450251544838e-03 -4.193548387096774355e-01
-4.707509998583357391e-01 7.209546656470078307e-02 -4.193548387096774355e-01
-4.659246283227910790e-01 -8.747822480925825095e-02 -6.129032258064516236e-01
-4.659246283227910790e-01 -2.307247069480902052e-02 -6.129032258064516236e-01
-4.626626269719316675e-01 -8.722917601709652413e-02 -4.838709677419354982e-01
-4.626626269719316120e-01 1.033513071854508525e-01 -4.838709677419354982e-01
-4.610315780147679621e-01 -1.193907209125467245e-01 -5.483870967741935054e-01
-4.610315780147679066e-01 7.118976229000065215e-02 -5.483870967741935054e-01
-4.595667714996456432e-01 3.788802907193426772e-02 -3.548387096774193172e-01
-4.595667714996456432e-01 1.022937831863835051e-01 -3.548387096774193172e-01
-4.577862168699030065e-01 -5.539765209379751698e-02 -4.193548387096774355e-01
-4.577862168699029510e-01 1.351828311087498735e-01 -4.193548387096774355e-01
-4.529598453343583464e-01 -1.505655893533073275e-01 -6.129032258064516236e-01
-4.529598453343583464e-01 4.001489384924005605e-02 -6.129032258064516236e-01
-4.517426696034598232e-01 -1.163901140184730315e-01 -6.774193548387097419e-01
-4.517426696034598232e-01 -5.198435990402380108e-02 -6.774193548387097419e-01
-4.466019885112129106e-01 -2.519933547211479150e-02 -3.548387096774193172e-01
-4.466019885112129106e-01 1.653811477304325817e-01 -3.548387096774193172e-01
-4.425326085073899574e-01 6.521681576135739122e-02 -2.903225806451612545e-01
-4.425326085073899574e-01 1.296225698758066425e-01 -2.903225806451612545e-01
-4.387778866150270907e-01 -1.794774785625221358e-01 -6.774193548387097419e-01
-4.387778866150270907e-01 1.110300464002527722e-02 -6.774193548387097419e-01
-4.372638407339098920e-01 -1.464153468738614572e-01 -4.838709677419354982e-01
-4.372638407339098365e-01 1.625374780422157994e-01 -4.838709677419354982e-01
-4.356327917767461866e-01 -1.785768917693116853e-01 -5.483870967741935054e-01
-4.356327917767461311e-01 1.303759331467655713e-01 -5.483870967741935054e-01
-4.323874306318812311e-01 -1.145838229505624639e-01 -4.193548387096774355e-01
-4.323874306318811755e-01 1.943690019655147927e-01 -4.193548387096774355e-01
-4.320310959014857510e-01 -1.418553678549139552e-01 -7.419354838709677491e-01
-4.320310959014857510e-01 -7.744961374046471780e-02 -7.419354838709677491e-01
-4.295678255189572248e-01 2.129451217308329404e-03 -2.903225806451612545e-01
-4.295678255189572248e-01 1.927099344198557052e-01 -2.903225806451612545e-01
-4.275610590963365709e-01 -2.097517602100722744e-01 -6.129032258064516236e-01
-4.275610590963365709e-01 9.920106470600498216e-02 -6.129032258064516236e-01
-4.212032022731911352e-01 -8.438550632887974190e-02 -3.548387096774193172e-01
-4.212032022731911352e-01 2.245673185871975008e-01 -3.548387096774193172e-01
-4.203458915159008491e-01 8.855722878045992064e-02 -2.258064516129031918e-01
-4.203458915159008491e-01 1.529629828949091441e-01 -2.258064516129031918e-01
-4.190663129130530185e-01 -2.049427323989630179e-01 -7.419354838709677491e-01
-4.190663129130530185e-01 -1.436224919641563777e-02 -7.419354838709677491e-01
-4.133791003770053152e-01 -2.386636494192870550e-01 -6.774193548387097419e-01
-4.133791003770053152e-01 7.028917549679020160e-02 -6.774193548387097419e-01
-4.075969013602392943e-01 -1.628314358344768176e-01 -8.064516129032258673e-01
-4.075969013602392943e-01 -9.842568172002759408e-02 -8.064516129032258673e-01
-4.073811085274681165e-01 2.546986423641084754e-02 -2.258064516129031918e-01
-4.073811085274680610e-01 2.160503474389582346e-01 -2.258064516129031918e-01
-4.041690392809354493e-01 -5.705671963945661840e-02 -2.903225806451612545e-01
-4.041690392809354493e-01 2.518961052766206521e-01 -2.903225806451612545e-01
-4.004708805391143933e-01 -1.992772352543865366e-01 -4.838709677419354982e-01
-4.004708805391143933e-01 2.153993664227408511e-01 -4.838709677419354982e-01
-3.988398315819507989e-01 -2.314387801498367647e-01 -5.483870967741935054e-01
-3.988398315819506879e-01 1.832378215272906508e-01 -5.483870967741935054e-01
-3.955944704370857878e-01 -1.674457113310875433e-01 -4.193548387096774355e-01
-3.955944704370857323e-01 2.472308903460398721e-01 -4.193548387096774355e-01
-3.946321183718065617e-01 -2.259188003785259080e-01 -8.064516129032258673e-01
-3.946321183718065617e-01 -3.533831717597851751e-02 -8.064516129032258673e-01
-3.939149473256383094e-01 1.069537088778576700e-01 -1.612903225806451291e-01
-3.939149473256383094e-01 1.713594629923068935e-01 -1.612903225806451291e-01
-3.936675266750312430e-01 -2.641289032557279648e-01 -7.419354838709677491e-01
-3.936675266750312430e-01 4.482392166034929182e-02 -7.419354838709677491e-01
-3.907680989015411277e-01 -2.626136485905973261e-01 -6.129032258064516236e-01
-3.907680989015410722e-01 1.520629530865300616e-01 -6.129032258064516236e-01
-3.844102420783956919e-01 -1.372473947094048075e-01 -3.548387096774193172e-01
-3.844102420783956364e-01 2.774292069677225525e-01 -3.548387096774193172e-01
-3.819823222894463410e-01 -3.371630662035409592e-02 -2.258064516129031918e-01
-3.819823222894462855e-01 2.752365182957231537e-01 -2.258064516129031918e-01
-3.809501643372055768e-01 4.386634433380860038e-02 -1.612903225806451291e-01
-3.809501643372055213e-01 2.344468275363559839e-01 -1.612903225806451291e-01
-3.794404247751349546e-01 -1.784595552694950849e-01 -8.709677419354838745e-01
-3.794404247751349546e-01 -1.140538011550458197e-01 -8.709677419354838745e-01
-3.765861401822099275e-01 -2.915255377998121622e-01 -6.774193548387097419e-01
-3.765861401822098165e-01 1.231510638773152810e-01 -6.774193548387097419e-01
-3.692333321337847862e-01 -2.851049712352908827e-01 -8.064516129032258673e-01
-3.692333321337847862e-01 2.384785368078641207e-02 -8.064516129032258673e-01
-3.673760790861400061e-01 -1.099186080199816840e-01 -2.903225806451612545e-01
-3.673760790861399506e-01 3.047579936571457315e-01 -2.903225806451612545e-01
-3.664756417867022220e-01 -2.415469198135441198e-01 -8.709677419354838745e-01
-3.664756417867022220e-01 -5.096643661099675010e-02 -8.709677419354838745e-01
-3.643218618972558498e-01 1.196531019968685300e-01 -9.677419354838708021e-02
-3.643218618972558498e-01 1.840588561113177812e-01 -9.677419354838708021e-02
-3.568745664802357997e-01 -3.169907916362530442e-01 -7.419354838709677491e-01
-3.568745664802357442e-01 9.768581004087435737e-02 -7.419354838709677491e-01
-3.555513780991838013e-01 -1.531982652295634656e-02 -1.612903225806451291e-01
-3.555513780991837458e-01 2.936329983931209031e-01 -1.612903225806451291e-01
-3.537900545009093345e-01 2.597728004057191509e-01 -4.838709677419354982e-01
-3.537900545009092790e-01 -2.436506692373649474e-01 -4.838709677419354982e-01
-3.521590055437456290e-01 -2.758122141328151478e-01 -5.483870967741935054e-01
-3.521590055437456290e-01 2.276112555102689783e-01 -5.483870967741935054e-01
-3.513570789088231172e-01 5.656573745281946730e-02 -9.677419354838708021e-02
-3.513570789088230617e-01 2.471462206553668162e-01 -9.677419354838708021e-02
-3.489136443988806735e-01 -2.118191453140659264e-01 -4.193548387096774355e-01
-3.489136443988806735e-01 2.916043243290181719e-01 -4.193548387096774355e-01
-3.487143956058124661e-01 -1.880999091140729551e-01 -9.354838709677419928e-01
-3.487143956058124661e-01 -1.236941549996236900e-01 -9.354838709677419928e-01
-3.451893620946508423e-01 -8.657819500087916842e-02 -2.258064516129031918e-01
-3.451893620946508423e-01 3.280984066762482332e-01 -2.258064516129031918e-01
-3.440872728633360689e-01 1.964363870695083614e-01 -6.129032258064516236e-01
-3.440872728633360134e-01 -3.069870825735757647e-01 -6.129032258064516236e-01
-3.410768555486804465e-01 -3.007330906703090667e-01 -8.709677419354838745e-01
-3.410768555486804465e-01 8.219734245768176017e-03 -8.709677419354838745e-01
-3.377294160401906331e-01 3.218026409507008800e-01 -3.548387096774193172e-01
-3.377294160401905776e-01 -1.816208286923832183e-01 -3.548387096774193172e-01
-3.357496126173797335e-01 -2.511872736581219900e-01 -9.354838709677419928e-01
-3.357496126173796780e-01 -6.060679045557461342e-02 -9.354838709677419928e-01
-3.327781796252312629e-01 1.261354934910849102e-01 -3.225806451612903136e-02
-3.327781796252312629e-01 1.905412476055341475e-01 -3.225806451612903136e-02
-3.324403719389892875e-01 -3.379668596158159066e-01 -8.064516129032258673e-01
-3.324403719389892875e-01 7.670974206131148110e-02 -8.064516129032258673e-01
-3.299053141440048131e-01 1.675244978602935808e-01 -6.774193548387097419e-01
-3.299053141440047576e-01 -3.358989717827905452e-01 -6.774193548387097419e-01
-3.259582926708013417e-01 -2.620433403945479200e-03 -9.677419354838708021e-02
-3.259582926708012862e-01 3.063323915121317631e-01 -9.677419354838708021e-02
-3.206952530479349472e-01 3.491314276401240591e-01 -2.903225806451612545e-01
-3.206952530479348917e-01 -1.542920420029600947e-01 -2.903225806451612545e-01
-3.198133966367985304e-01 6.304812894703584747e-02 -3.225806451612903136e-02
-3.198133966367985304e-01 2.536286121495832102e-01 -3.225806451612903136e-02
-3.187584179043883026e-01 -6.818171490348141905e-02 -1.612903225806451291e-01
-3.187584179043883026e-01 3.464948867736459825e-01 -1.612903225806451291e-01
-3.166767410966190299e-01 -1.913578201491199504e-01 -1.000000000000000000e+00
-3.166767410966190299e-01 -1.269520660346706853e-01 -1.000000000000000000e+00
-3.166767410966189744e-01 -1.913578201491199504e-01 1.000000000000000000e+00
-3.166767410966189744e-01 -1.269520660346706853e-01 1.000000000000000000e+00
-3.103508263793579580e-01 -3.103734445148869647e-01 -9.354838709677419928e-01
-3.103508263793579025e-01 -1.420619598809689252e-03 -9.354838709677419928e-01
-3.101937404420307409e-01 1.420592440238526710e-01 -7.419354838709677491e-01
-3.101937404420306854e-01 -3.613642256192314828e-01 -7.419354838709677491e-01
-3.042838953538849478e-01 -3.535949790508340906e-01 -8.709677419354838745e-01
-3.042838953538849478e-01 6.108162262629324851e-02 -8.709677419354838745e-01
-3.037119581081862973e-01 -2.544451846931690131e-01 -1.000000000000000000e+00
-3.037119581081862418e-01 -2.544451846931690131e-01 1.000000000000000000e+00
-3.037119581081862418e-01 -6.386470149062160873e-02 -1.000000000000000000e+00
-3.037119581081861863e-01 -6.386470149062160873e-02 1.000000000000000000e+00
-3.005753025680066859e-01 1.261354934910849102e-01 3.225806451612903136e-02
-3.005753025680066859e-01 1.905412476055341475e-01 3.225806451612903136e-02
-2.991324811220630320e-01 -2.777189952218762636e-01 -4.838709677419354982e-01
-2.991324811220630320e-01 2.938411263902304671e-01 -4.838709677419354982e-01
-2.985085360564457835e-01 3.724718406592265607e-01 -2.258064516129031918e-01
-2.985085360564457280e-01 -1.309516289838575653e-01 -2.258064516129031918e-01
-2.975014321648993820e-01 -3.098805401173264640e-01 -5.483870967741935054e-01
-2.975014321648993820e-01 2.616795814947803223e-01 -5.483870967741935054e-01
-2.944146103987768104e-01 3.861958090270909642e-03 -3.225806451612903136e-02
-2.944146103987767549e-01 3.128147830063481294e-01 -3.225806451612903136e-02
-2.942560710200344265e-01 3.256726503135294881e-01 -4.193548387096774355e-01
-2.942560710200343710e-01 -2.458874712985772704e-01 -4.193548387096774355e-01
-2.894296994844898219e-01 2.305047130540196776e-01 -6.129032258064516236e-01
-2.894296994844897108e-01 -3.410554085580870809e-01 -6.129032258064516236e-01
-2.891653324760058430e-01 -5.548232178447055213e-02 -9.677419354838708021e-02
-2.891653324760058430e-01 3.591942798926568425e-01 -9.677419354838708021e-02
-2.876105195795739533e-01 6.304812894703584747e-02 3.225806451612903136e-02
-2.876105195795738978e-01 2.536286121495832102e-01 3.225806451612903136e-02
-2.857595459007842287e-01 1.210831760442897809e-01 -8.064516129032258673e-01
-2.857595459007841732e-01 -3.823402935987943452e-01 -8.064516129032258673e-01
-2.846390865874255383e-01 -1.880999091140729551e-01 9.354838709677419928e-01
-2.846390865874255383e-01 -1.236941549996236900e-01 9.354838709677419928e-01
-2.830718426613443861e-01 3.558709669352122518e-01 -3.548387096774193172e-01
-2.830718426613442751e-01 -2.156891546768945622e-01 -3.548387096774193172e-01
-2.783131718701645219e-01 -3.136313555499339323e-01 -1.000000000000000000e+00
-2.783131718701644663e-01 -3.136313555499339323e-01 1.000000000000000000e+00
-2.783131718701644663e-01 -4.678530633856684343e-03 -1.000000000000000000e+00
-2.783131718701644108e-01 -4.678530633856684343e-03 1.000000000000000000e+00
-2.752477407651585661e-01 2.015928238448049248e-01 -6.774193548387097419e-01
-2.752477407651584551e-01 -3.699672977673018615e-01 -6.774193548387097419e-01
-2.735578661845624593e-01 -3.632353328954119887e-01 -9.354838709677419928e-01
-2.735578661845624593e-01 5.144126878171538519e-02 -9.354838709677419928e-01
-2.720775918661832438e-01 3.908683207566243101e-01 -1.612903225806451291e-01
-2.720775918661831883e-01 -1.125551488864598160e-01 -1.612903225806451291e-01
-2.716743035989928057e-01 -2.511872736581219900e-01 9.354838709677419928e-01
-2.716743035989927502e-01 -6.060679045557461342e-02 9.354838709677419928e-01
-2.690316202959821545e-01 1.196531019968685300e-01 9.677419354838708021e-02
-2.690316202959821545e-01 1.840588561113177812e-01 9.677419354838708021e-02
-2.660376796690886447e-01 3.831997536246353198e-01 -2.903225806451612545e-01
-2.660376796690885892e-01 -1.883603679874714110e-01 -2.903225806451612545e-01
-2.622117333415521778e-01 3.861958090270909642e-03 3.225806451612903136e-02
-2.622117333415521223e-01 3.128147830063481294e-01 3.225806451612903136e-02
-2.576216502039813117e-01 -4.899993029025416502e-02 -3.225806451612903136e-02
-2.576216502039813117e-01 3.656766713868732088e-01 -3.225806451612903136e-02
-2.576030693156798890e-01 1.054550566092715413e-01 -8.709677419354838745e-01
-2.576030693156798335e-01 -3.979684130338125847e-01 -8.709677419354838745e-01
-2.560668373075494220e-01 5.656573745281946730e-02 9.677419354838708021e-02
-2.560668373075494220e-01 2.471462206553668162e-01 9.677419354838708021e-02
-2.555361670631844939e-01 1.761275700083639872e-01 -7.419354838709677491e-01
-2.555361670631843829e-01 -3.954325516037427435e-01 -7.419354838709677491e-01
-2.539130574181030497e-01 -1.784595552694950849e-01 8.709677419354838745e-01
-2.539130574181030497e-01 -1.140538011550458197e-01 8.709677419354838745e-01
-2.462755173609710302e-01 -3.103734445148869647e-01 9.354838709677419928e-01
-2.462755173609710024e-01 -1.420619598809689252e-03 9.354838709677419928e-01
-2.438509626775995087e-01 4.065401666437378769e-01 -2.258064516129031918e-01
-2.438509626775994810e-01 -1.650199549683689093e-01 -2.258064516129031918e-01
-2.424845064378007842e-01 4.035677138756351701e-01 -9.677419354838708021e-02
-2.424845064378007009e-01 -9.985575576744895598e-02 -9.677419354838708021e-02
-2.415202116753690509e-01 -3.664932439304590117e-01 -1.000000000000000000e+00
-2.415202116753690231e-01 4.818335774666838989e-02 -1.000000000000000000e+00
-2.415202116753689954e-01 -3.664932439304590117e-01 1.000000000000000000e+00
-2.415202116753689399e-01 4.818335774666838989e-02 1.000000000000000000e+00
-2.409482744296703172e-01 -2.415469198135441198e-01 8.709677419354838745e-01
-2.409482744296702617e-01 -5.096643661099675010e-02 8.709677419354838745e-01
-2.394385348675996672e-01 1.069537088778576700e-01 1.612903225806451291e-01
-2.394385348675996672e-01 1.713594629923068935e-01 1.612903225806451291e-01
-2.387358478786976435e-01 -3.000874519392563999e-01 -4.838709677419354982e-01
-2.387358478786976435e-01 3.162095831076106034e-01 -4.838709677419354982e-01
-2.371047989215339380e-01 -3.322489968347066003e-01 -5.483870967741935054e-01
-2.371047989215339380e-01 2.840480382121604030e-01 -5.483870967741935054e-01
-2.338594377766689825e-01 -2.682559280159573789e-01 -4.193548387096774355e-01
-2.338594377766689825e-01 3.480411070309096799e-01 -4.193548387096774355e-01
-2.311019725219379817e-01 1.551515020288010971e-01 -8.064516129032258673e-01
-2.311019725219379262e-01 -4.164086195833056614e-01 -8.064516129032258673e-01
-2.306680510695276187e-01 -2.620433403945479200e-03 9.677419354838708021e-02
-2.306680510695276187e-01 3.063323915121317631e-01 9.677419354838708021e-02
-2.290330662411243778e-01 -3.634238652754671617e-01 -6.129032258064516236e-01
-2.290330662411243501e-01 2.528731697713998416e-01 -6.129032258064516236e-01
-2.268770401463574005e-01 9.581470276469368497e-02 -9.354838709677419928e-01
-2.268770401463573450e-01 -4.076087668783904272e-01 -9.354838709677419928e-01
-2.264737518791669346e-01 4.386634433380860038e-02 1.612903225806451291e-01
-2.264737518791669346e-01 2.344468275363559839e-01 1.612903225806451291e-01
-2.257565808329987100e-01 -1.628314358344768176e-01 8.064516129032258673e-01
-2.257565808329987100e-01 -9.842568172002759408e-02 8.064516129032258673e-01
-2.254187731467567068e-01 -4.899993029025416502e-02 3.225806451612903136e-02
-2.254187731467566791e-01 3.656766713868732088e-01 3.225806451612903136e-02
-2.226752094179789143e-01 -2.380576113942746708e-01 -3.548387096774193172e-01
-2.226752094179788866e-01 3.782394236525923326e-01 -3.548387096774193172e-01
-2.174200184873369690e-01 4.249366467411356263e-01 -1.612903225806451291e-01
-2.174200184873369412e-01 -1.466234748709711599e-01 -1.612903225806451291e-01
-2.155494881916485417e-01 -3.007330906703090667e-01 8.709677419354838745e-01
-2.155494881916485139e-01 8.219734245768176017e-03 8.709677419354838745e-01
-2.148511075217930943e-01 -3.923357544846819978e-01 -6.774193548387097419e-01
-2.148511075217930666e-01 2.239612805621850333e-01 -6.774193548387097419e-01
-2.130075906773371275e-01 8.855722878045992064e-02 2.258064516129031918e-01
-2.130075906773371275e-01 1.529629828949091441e-01 2.258064516129031918e-01
-2.127917978445659497e-01 -2.259188003785259080e-01 8.064516129032258673e-01
-2.127917978445659219e-01 -3.533831717597851751e-02 8.064516129032258673e-01
-2.109408241657762806e-01 4.100501053698515364e-01 -3.225806451612903136e-02
-2.109408241657761973e-01 -9.337336427323256194e-02 -3.225806451612903136e-02
-2.094825571661755592e-01 -3.632353328954119887e-01 9.354838709677419928e-01
-2.094825571661755315e-01 5.144126878171538519e-02 9.354838709677419928e-01
-2.056410464257232562e-01 -2.107288247048515195e-01 -2.903225806451612545e-01
-2.056410464257232285e-01 4.055682103420154561e-01 -2.903225806451612545e-01
-2.029454959368336142e-01 1.395233825937828853e-01 -8.709677419354838745e-01
-2.029454959368335865e-01 -4.320367390183238454e-01 -8.709677419354838745e-01
-2.013223862917521978e-01 -1.418553678549139552e-01 7.419354838709677491e-01
-2.013223862917521978e-01 -7.744961374046471780e-02 7.419354838709677491e-01
-2.010749656411451591e-01 -1.531982652295634656e-02 1.612903225806451291e-01
-2.010749656411451591e-01 2.936329983931209031e-01 1.612903225806451291e-01
-2.000428076889043949e-01 2.546986423641084754e-02 2.258064516129031918e-01
-2.000428076889043949e-01 2.160503474389582346e-01 2.258064516129031918e-01
-1.951395338198190499e-01 -4.178010083211228798e-01 -7.419354838709677491e-01
-1.951395338198190221e-01 1.984960267257441235e-01 -7.419354838709677491e-01
-1.948393856371639921e-01 9.255679172964668966e-02 -1.000000000000000000e+00
-1.948393856371639088e-01 -4.108666779134373948e-01 -1.000000000000000000e+00
-1.948393856371639088e-01 9.255679172964668966e-02 1.000000000000000000e+00
-1.948393856371638533e-01 -4.108666779134373948e-01 1.000000000000000000e+00
-1.938750908747322033e-01 -5.548232178447055213e-02 9.677419354838708021e-02
-1.938750908747321200e-01 3.591942798926568425e-01 9.677419354838708021e-02
-1.908208736858479637e-01 6.521681576135734959e-02 2.903225806451614210e-01
-1.908208736858479637e-01 1.296225698758065592e-01 2.903225806451614210e-01
-1.883576033033194652e-01 -2.049427323989630179e-01 7.419354838709677491e-01
-1.883576033033194097e-01 -1.436224919641563777e-02 7.419354838709677491e-01
-1.878269330589544817e-01 4.376360398601464308e-01 -9.677419354838708021e-02
-1.878269330589544539e-01 -1.339240817519602722e-01 -9.677419354838708021e-02
-1.873930116065442020e-01 -2.851049712352908827e-01 8.064516129032258673e-01
-1.873930116065441465e-01 2.384785368078641207e-02 8.064516129032258673e-01
-1.834543294342340924e-01 -1.873884116857490179e-01 -2.258064516129031918e-01
-1.834543294342340924e-01 4.289086233611179577e-01 -2.258064516129031918e-01
-1.816108125897781533e-01 -1.163901140184730315e-01 6.774193548387097419e-01
-1.816108125897781533e-01 -5.198435990402380108e-02 6.774193548387097419e-01
-1.787565279968530707e-01 -3.535949790508340906e-01 8.709677419354838745e-01
-1.787565279968530429e-01 6.108162262629324851e-02 8.709677419354838745e-01
-1.787379471085516480e-01 4.100501053698515364e-01 3.225806451612903136e-02
-1.787379471085515648e-01 -9.337336427323256194e-02 3.225806451612903136e-02
-1.778560906974152311e-01 2.129451217308276061e-03 2.903225806451614210e-01
-1.778560906974151479e-01 1.927099344198556496e-01 2.903225806451614210e-01
-1.750728000320996292e-01 -3.098402721433136664e-01 -4.838709677419354982e-01
-1.750728000320996292e-01 3.259624033116679254e-01 -4.838709677419354982e-01
-1.746440214508826194e-01 -3.371630662035409592e-02 2.258064516129031918e-01
-1.746440214508826194e-01 2.752365182957231537e-01 2.258064516129031918e-01
-1.737867106935922779e-01 3.788802907193420527e-02 3.548387096774194283e-01
-1.737867106935922779e-01 1.022937831863834496e-01 3.548387096774194283e-01
-1.734417510749359237e-01 -3.420018170387638667e-01 -5.483870967741935054e-01
-1.734417510749359237e-01 2.938008584162177250e-01 -5.483870967741935054e-01
-1.722194667675111257e-01 1.298830287492050151e-01 -9.354838709677419928e-01
-1.722194667675110979e-01 -4.416770928629017434e-01 -9.354838709677419928e-01
-1.707053392785725099e-01 -4.387770763006857422e-01 -8.064516129032258673e-01
-1.707053392785725099e-01 1.775199587461812334e-01 -8.064516129032258673e-01
-1.701963899300709682e-01 -2.780087482200146454e-01 -4.193548387096774355e-01
-1.701963899300709682e-01 3.577939272349668909e-01 -4.193548387096774355e-01
-1.686460296013454208e-01 -1.794774785625221358e-01 6.774193548387097419e-01
-1.686460296013453375e-01 1.110300464002527722e-02 6.774193548387097419e-01
-1.674288538704468976e-01 -8.747822480925829258e-02 6.129032258064517347e-01
-1.674288538704468976e-01 -2.307247069480905521e-02 6.129032258064517347e-01
-1.653700183945263358e-01 -3.731766854795244281e-01 -6.129032258064516236e-01
-1.653700183945263358e-01 2.626259899754571081e-01 -6.129032258064516236e-01
-1.642820054463497159e-01 -6.818171490348141905e-02 1.612903225806451291e-01
-1.642820054463496604e-01 3.464948867736459825e-01 1.612903225806451291e-01
-1.629588170652976897e-01 -2.641289032557279648e-01 7.419354838709677491e-01
-1.629588170652976620e-01 4.482392166034929182e-02 7.419354838709677491e-01
-1.628017311279705004e-01 9.581470276469368497e-02 9.354838709677419928e-01
-1.628017311279704171e-01 -4.076087668783904272e-01 9.354838709677419928e-01
-1.626024823349022375e-01 7.689712450251517950e-03 4.193548387096774910e-01
-1.626024823349022375e-01 7.209546656470075532e-02 4.193548387096774910e-01
-1.608219277051595175e-01 -2.519933547211485395e-02 3.548387096774194283e-01
-1.608219277051595175e-01 1.653811477304325261e-01 3.548387096774194283e-01
-1.593571211900372819e-01 -5.630335636849768954e-02 5.483870967741936164e-01
-1.593571211900372819e-01 8.102397745951549560e-03 5.483870967741936164e-01
-1.590121615713809000e-01 -2.478104315983319095e-01 -3.548387096774193172e-01
-1.590121615713809000e-01 3.879922438566496545e-01 -3.548387096774193172e-01
-1.577260722328736042e-01 -2.414181147304748920e-02 4.838709677419355537e-01
-1.577260722328736042e-01 4.026394264140175511e-02 4.838709677419355537e-01
-1.570233852439715527e-01 -1.689919315883512685e-01 -1.612903225806451291e-01
-1.570233852439715250e-01 4.473051034585157071e-01 -1.612903225806451291e-01
-1.562832507869299781e-01 4.441184313543628526e-01 -3.225806451612903136e-02
-1.562832507869299226e-01 -1.274416902577439059e-01 -3.225806451612903136e-02
-1.544640708820141373e-01 -1.505655893533073553e-01 6.129032258064517347e-01
-1.544640708820141095e-01 4.001489384924002135e-02 6.129032258064517347e-01
-1.524573044593934279e-01 -5.705671963945666697e-02 2.903225806451614210e-01
-1.524573044593934001e-01 2.518961052766205411e-01 2.903225806451614210e-01
-1.511880596751950800e-01 -4.020885746887392087e-01 -6.774193548387097419e-01
-1.511880596751950800e-01 2.337141007662423553e-01 -6.774193548387097419e-01
-1.506000514117487310e-01 -3.379668596158159066e-01 8.064516129032258673e-01
-1.506000514117486755e-01 7.670974206131148110e-02 8.064516129032258673e-01
-1.496376993464695049e-01 -5.539765209379754474e-02 4.193548387096774910e-01
-1.496376993464694494e-01 1.351828311087498458e-01 4.193548387096774910e-01
-1.471942648365271167e-01 4.035677138756351701e-01 9.677419354838708021e-02
-1.471942648365270334e-01 -9.985575576744895598e-02 9.677419354838708021e-02
-1.463923382016045494e-01 -1.193907209125467522e-01 5.483870967741936164e-01
-1.463923382016044938e-01 7.118976229000062439e-02 5.483870967741936164e-01
-1.447612892444408439e-01 -8.722917601709655189e-02 4.838709677419355537e-01
-1.447612892444408161e-01 1.033513071854508247e-01 4.838709677419355537e-01
-1.432472433633236175e-01 -2.386636494192870550e-01 6.774193548387097419e-01
-1.432472433633235898e-01 7.028917549679020160e-02 6.774193548387097419e-01
-1.425488626934681979e-01 -4.544051957357040372e-01 -8.709677419354838745e-01
-1.425488626934681702e-01 1.618918393111630216e-01 -8.709677419354838745e-01
-1.419779985791252142e-01 -2.204816449089088137e-01 -2.903225806451612545e-01
-1.419779985791252142e-01 4.153210305460727780e-01 -2.903225806451612545e-01
-1.401818122583176895e-01 1.266251177141580198e-01 -1.000000000000000000e+00
-1.401818122583176618e-01 1.266251177141580198e-01 1.000000000000000000e+00
-1.401818122583176340e-01 -4.449350038979487110e-01 -1.000000000000000000e+00
-1.401818122583176063e-01 -4.449350038979487110e-01 1.000000000000000000e+00
-1.378510612560871762e-01 -8.657819500087916842e-02 2.258064516129031918e-01
-1.378510612560871484e-01 3.280984066762482332e-01 2.258064516129031918e-01
-1.354231414671377698e-01 -8.438550632887978353e-02 3.548387096774194283e-01
-1.354231414671377420e-01 2.245673185871974731e-01 3.548387096774194283e-01
-1.320757019586480119e-01 1.054550566092715413e-01 8.709677419354838745e-01
-1.320757019586479286e-01 -3.979684130338125847e-01 8.709677419354838745e-01
-1.314764859732210356e-01 -4.275538285251801462e-01 -7.419354838709677491e-01
-1.314764859732210078e-01 2.082488469298014178e-01 -7.419354838709677491e-01
-1.290652846439923895e-01 -2.097517602100723022e-01 6.129032258064517347e-01
-1.290652846439923340e-01 9.920106470600495441e-02 6.129032258064517347e-01
-1.274302998155890931e-01 -1.562925384693403807e-01 -9.677419354838708021e-02
-1.274302998155890654e-01 4.600044965775266226e-01 -9.677419354838708021e-02
-1.261658568705022188e-01 -3.169907916362530442e-01 7.419354838709677491e-01
-1.261658568705021910e-01 9.768581004087435737e-02 7.419354838709677491e-01
-1.242389131084477155e-01 -1.145838229505624917e-01 4.193548387096774910e-01
-1.242389131084476878e-01 1.943690019655147649e-01 4.193548387096774910e-01
-1.240803737297053594e-01 4.441184313543628526e-01 3.225806451612903136e-02
-1.240803737297053039e-01 -1.274416902577439059e-01 3.225806451612903136e-02
-1.209935519635827739e-01 -1.785768917693116853e-01 5.483870967741936164e-01
-1.209935519635827322e-01 1.303759331467655436e-01 5.483870967741936164e-01
-1.197912815876360781e-01 -1.971412318898062843e-01 -2.258064516129031918e-01
-1.197912815876360643e-01 4.386614435651752797e-01 -2.258064516129031918e-01
-1.193625030064190823e-01 -1.464153468738615127e-01 4.838709677419355537e-01
-1.193625030064190407e-01 1.625374780422157439e-01 4.838709677419355537e-01
-1.176011794081446432e-01 3.908683207566243101e-01 1.612903225806451291e-01
-1.176011794081445738e-01 -1.125551488864598160e-01 1.612903225806451291e-01
-1.156643442645979708e-01 -1.099186080199817395e-01 2.903225806451614210e-01
-1.156643442645979430e-01 3.047579936571456205e-01 2.903225806451614210e-01
-1.118228335241457094e-01 -4.640455495802818242e-01 -9.354838709677419928e-01
-1.118228335241456678e-01 1.522514854665851514e-01 -9.354838709677419928e-01
-1.107497102411992146e-01 -3.065781742289863110e-01 -4.838709677419354982e-01
-1.107497102411992007e-01 3.227003053973405700e-01 -4.838709677419354982e-01
-1.091186612840355230e-01 -3.387397191244365113e-01 -5.483870967741935054e-01
-1.091186612840355230e-01 2.905387605018903696e-01 -5.483870967741935054e-01
-1.081441577491242256e-01 1.298830287492050151e-01 9.354838709677419928e-01
-1.081441577491241424e-01 -4.416770928629017434e-01 9.354838709677419928e-01
-1.070422914319745233e-01 -4.485298965047430086e-01 -8.064516129032258673e-01
-1.070422914319745095e-01 1.872727789502385554e-01 -8.064516129032258673e-01
-1.064542831685281604e-01 -2.915255377998121622e-01 6.774193548387097419e-01
-1.064542831685281188e-01 1.231510638773152810e-01 6.774193548387097419e-01
-1.058733001391705536e-01 -2.747466503056872900e-01 -4.193548387096774355e-01
-1.058733001391705536e-01 3.545318293206395910e-01 -4.193548387096774355e-01
-1.039192253735436583e-01 1.210831760442897809e-01 8.064516129032258673e-01
-1.039192253735435750e-01 -3.823402935987943452e-01 8.064516129032258673e-01
-1.010469286036259351e-01 -3.699145875651971282e-01 -6.129032258064516236e-01
-1.010469286036259351e-01 2.593638920611297527e-01 -6.129032258064516236e-01
-9.863018127234231269e-02 -1.372473947094048630e-01 3.548387096774194283e-01
-9.863018127234227106e-02 2.774292069677225525e-01 3.548387096774194283e-01
-9.588661754356454792e-02 -1.498101469751239867e-01 -3.225806451612903136e-02
-9.588661754356453404e-02 4.664868880717429889e-01 -3.225806451612903136e-02
-9.468907178048051321e-02 -2.445483336840046096e-01 -3.548387096774193172e-01
-9.468907178048048545e-02 3.847301459423222991e-01 -3.548387096774193172e-01
-9.336033739737353843e-02 -1.787447517924085350e-01 -1.612903225806451291e-01
-9.336033739737352455e-02 4.570579236625730291e-01 -1.612903225806451291e-01
-9.253669145768082804e-02 4.376360398601464308e-01 9.677419354838708021e-02
-9.253669145768077253e-02 -1.339240817519602722e-01 9.677419354838708021e-02
-9.227232444919691856e-02 -2.626136485905973816e-01 6.129032258064517347e-01
-9.227232444919687693e-02 1.520629530865300338e-01 6.129032258064517347e-01
-9.117023521788210350e-02 3.724718406592265607e-01 2.258064516129031918e-01
-9.117023521788203411e-02 -1.309516289838575653e-01 2.258064516129031918e-01
-8.744595291365225842e-02 -1.674457113310875711e-01 4.193548387096774910e-01
-8.744595291365221679e-02 2.472308903460398166e-01 4.193548387096774910e-01
-8.686496988429469324e-02 -3.988264767744119088e-01 -6.774193548387097419e-01
-8.686496988429467936e-02 2.304520028519149721e-01 -6.774193548387097419e-01
-8.420059176878730289e-02 -2.314387801498367647e-01 5.483870967741936164e-01
-8.420059176878727514e-02 1.832378215272906508e-01 5.483870967741936164e-01
-8.256954281162361131e-02 -1.992772352543865644e-01 4.838709677419355537e-01
-8.256954281162358356e-02 2.153993664227408233e-01 4.838709677419355537e-01
-7.978517901495225939e-02 -4.673034606153288473e-01 -1.000000000000000000e+00
-7.978517901495223164e-02 1.489935744315381561e-01 -1.000000000000000000e+00
-7.978517901495221776e-02 -4.673034606153288473e-01 1.000000000000000000e+00
-7.978517901495220388e-02 1.489935744315381561e-01 1.000000000000000000e+00
-7.948503083229714605e-02 1.420592440238526710e-01 7.419354838709677491e-01
-7.948503083229707666e-02 -3.613642256192314828e-01 7.419354838709677491e-01
-7.888581484687018364e-02 -4.641580159397612482e-01 -8.709677419354838745e-01
-7.888581484687016976e-02 1.716446595152202881e-01 -8.709677419354838745e-01
-7.765490878822481347e-02 -2.172195469945814583e-01 -2.903225806451612545e-01
-7.765490878822481347e-02 4.120589326317454226e-01 -2.903225806451612545e-01
-7.741812857980172324e-02 1.395233825937828853e-01 8.709677419354838745e-01
-7.741812857980166773e-02 -4.320367390183238454e-01 8.709677419354838745e-01
-6.898351822639289810e-02 3.491314276401239480e-01 2.903225806451614210e-01
-6.898351822639282871e-02 -1.542920420029601503e-01 2.903225806451614210e-01
-6.715339618232062102e-02 -4.242917306108528464e-01 -7.419354838709677491e-01
-6.715339618232062102e-02 2.049867490154740624e-01 -7.419354838709677491e-01
-6.376725196899106496e-02 -1.660453586733976750e-01 -9.677419354838708021e-02
-6.376725196899106496e-02 4.697573167815839446e-01 -9.677419354838708021e-02
-6.368374048633992923e-02 -1.498101469751239867e-01 3.225806451612903136e-02
-6.368374048633991535e-02 4.664868880717429889e-01 3.225806451612903136e-02
-6.294360602929835458e-02 4.249366467411356263e-01 1.612903225806451291e-01
-6.294360602929829906e-02 -1.466234748709711599e-01 1.612903225806451291e-01
-5.977345713032308772e-02 1.675244978602935808e-01 6.774193548387097419e-01
-5.977345713032301833e-02 -3.358989717827905452e-01 6.774193548387097419e-01
-5.546819179673567052e-02 -1.938791339754789567e-01 -2.258064516129031918e-01
-5.546819179673566358e-02 4.353993456508479243e-01 -2.258064516129031918e-01
-5.194935523413723999e-02 3.218026409507008245e-01 3.548387096774194283e-01
-5.194935523413716366e-02 -1.816208286923832738e-01 3.548387096774194283e-01
-4.926165199469736966e-02 1.551515020288010971e-01 8.064516129032258673e-01
-4.926165199469732109e-02 -4.164086195833056614e-01 8.064516129032258673e-01
-4.839997335967800157e-02 -2.904347088681670797e-01 -4.838709677419354982e-01
-4.839997335967800157e-02 3.065568400365213386e-01 -4.838709677419354982e-01
-4.815978567754768125e-02 -4.737983697843391462e-01 -9.354838709677419928e-01
-4.815978567754768125e-02 1.620043056706424456e-01 -9.354838709677419928e-01
-4.774752450575877466e-02 -4.640455495802818242e-01 9.354838709677419928e-01
-4.774752450575876078e-02 1.522514854665851514e-01 9.354838709677419928e-01
-4.676892440251433081e-02 -3.225962537636172800e-01 -5.483870967741935054e-01
-4.676892440251433081e-02 2.743952951410711383e-01 -5.483870967741935054e-01
-4.559149841099184586e-02 1.964363870695083059e-01 6.129032258064517347e-01
-4.559149841099176953e-02 -3.069870825735757647e-01 6.129032258064517347e-01
-4.352356325764936140e-02 -2.586031849448681141e-01 -4.193548387096774355e-01
-4.352356325764936140e-02 3.383883639598203596e-01 -4.193548387096774355e-01
-4.271920164107411572e-02 -4.452677985904157087e-01 -8.064516129032258673e-01
-4.271920164107410878e-02 1.840106810359111722e-01 -8.064516129032258673e-01
-4.076512687544718572e-02 2.916043243290181164e-01 4.193548387096774910e-01
-4.076512687544711633e-02 -2.118191453140659819e-01 4.193548387096774910e-01
-3.869719172210473596e-02 -3.537711222043779524e-01 -6.129032258064516236e-01
-3.869719172210473596e-02 2.432204267003105491e-01 -6.129032258064516236e-01
-3.751976573058223019e-02 2.276112555102689228e-01 5.483870967741936164e-01
-3.751976573058216080e-02 -2.758122141328151478e-01 5.483870967741936164e-01
-3.651266183903582180e-02 4.065401666437378769e-01 2.258064516129031918e-01
-3.651266183903576629e-02 -1.650199549683689093e-01 2.258064516129031918e-01
-3.588871677341854555e-02 2.597728004057190954e-01 4.838709677419355537e-01
-3.588871677341846922e-02 -2.436506692373649752e-01 4.838709677419355537e-01
-3.233933489895928631e-02 -2.284048683231853505e-01 -3.548387096774193172e-01
-3.233933489895928631e-02 3.685866805815030678e-01 -3.548387096774193172e-01
-3.222356969696654055e-02 -1.595629671791812532e-01 -3.225806451612903136e-02
-3.222356969696652668e-02 4.762397082758003108e-01 -3.225806451612903136e-02
-3.214005821431539789e-02 -1.562925384693403807e-01 9.677419354838708021e-02
-3.214005821431537707e-02 4.600044965775266226e-01 9.677419354838708021e-02
-2.903724760647313080e-02 -1.754826538780812073e-01 -1.612903225806451291e-01
-2.903724760647312386e-02 4.537958257482456736e-01 -1.612903225806451291e-01
-2.482745745345086782e-02 1.761275700083639872e-01 7.419354838709677491e-01
-2.482745745345081578e-02 -3.954325516037427435e-01 7.419354838709677491e-01
-2.451523300277347328e-02 -3.826830114135926775e-01 -6.774193548387097419e-01
-2.451523300277347328e-02 2.143085374910957686e-01 -6.774193548387097419e-01
-1.702149533643628962e-02 -4.544051957357040372e-01 8.709677419354838745e-01
-1.702149533643627227e-02 1.618918393111630216e-01 8.709677419354838745e-01
-1.612213116835424509e-02 -4.770562808193861137e-01 -1.000000000000000000e+00
-1.612213116835423815e-02 1.587463946355954503e-01 -1.000000000000000000e+00
-1.612213116835420693e-02 -4.770562808193861137e-01 1.000000000000000000e+00
-1.612213116835419999e-02 1.587463946355954503e-01 1.000000000000000000e+00
-1.530517190670360565e-02 -2.010760816337622270e-01 -2.903225806451612545e-01
-1.530517190670360565e-02 3.959154672709261358e-01 -2.903225806451612545e-01
-1.456272505596976907e-02 -4.608959180254339483e-01 -8.709677419354838745e-01
-1.456272505596976040e-02 1.683825616008929604e-01 -8.709677419354838745e-01
-1.432594484754662160e-02 3.831997536246353198e-01 2.903225806451614210e-01
-1.432594484754656956e-02 -1.883603679874714942e-01 2.903225806451614210e-01
-5.115883751476809488e-03 2.015928238448049248e-01 6.774193548387097419e-01
-5.115883751476756579e-03 -3.699672977673018615e-01 6.774193548387097419e-01
-4.803659300799413209e-03 -4.081482652500336150e-01 -7.419354838709677491e-01
-4.803659300799413209e-03 1.888432836546548310e-01 -7.419354838709677491e-01
-2.546972785932925289e-03 -1.689919315883512685e-01 1.612903225806451291e-01
-2.546972785932907508e-03 4.473051034585157071e-01 1.612903225806451291e-01
0.000000000000000000e+00 -1.627832607590703196e-01 -9.677419354838708021e-02
0.000000000000000000e+00 -1.595629671791812532e-01 3.225806451612903136e-02
0.000000000000000000e+00 4.664952188672565336e-01 -9.677419354838708021e-02
0.000000000000000000e+00 4.762397082758003108e-01 3.225806451612903136e-02
2.708218144709042142e-03 3.558709669352121407e-01 3.548387096774194283e-01
2.708218144709095051e-03 -2.156891546768945900e-01 3.548387096774194283e-01
6.881545084785540764e-03 -1.777356686146596976e-01 -2.258064516129031918e-01
6.881545084785540764e-03 4.192558802900287485e-01 -2.258064516129031918e-01
9.066074967854435840e-03 2.305047130540196498e-01 6.129032258064517347e-01
9.066074967854489616e-03 -3.410554085580870809e-01 6.129032258064517347e-01
9.423805058751488425e-03 -2.620707914295046237e-01 -4.838709677419354982e-01
9.423805058751488425e-03 2.781929225978588271e-01 -4.838709677419354982e-01
1.105485401591516266e-02 -2.942323363249548795e-01 -5.483870967741935054e-01
1.105485401591516266e-02 2.460313777024086546e-01 -5.483870967741935054e-01
1.113498124866806049e-02 -4.387770763006857422e-01 8.064516129032258673e-01
1.113498124866807958e-02 1.775199587461812334e-01 8.064516129032258673e-01
1.389244650339909598e-02 3.256726503135294881e-01 4.193548387096774910e-01
1.389244650339914802e-02 -2.458874712985772981e-01 4.193548387096774910e-01
1.430021516078013206e-02 -2.302392675062056304e-01 -4.193548387096774355e-01
1.430021516078013206e-02 3.100244465211578482e-01 -4.193548387096774355e-01
1.591552334083923617e-02 -4.737983697843391462e-01 9.354838709677419928e-01
1.591552334083924311e-02 1.620043056706424456e-01 9.354838709677419928e-01
1.616330411335271944e-02 -4.705362718700117908e-01 -9.354838709677419928e-01
1.616330411335272638e-02 1.587422077563150902e-01 -9.354838709677419928e-01
1.713780764826404457e-02 2.616795814947802667e-01 5.483870967741936164e-01
1.713780764826410008e-02 -3.098805401173264640e-01 5.483870967741936164e-01
1.876885660542773615e-02 2.938411263902304671e-01 4.838709677419355537e-01
1.876885660542779166e-02 -2.777189952218763191e-01 4.838709677419355537e-01
1.912658669632475578e-02 -3.254072047657154410e-01 -6.129032258064516236e-01
1.912658669632475578e-02 2.148565092616480376e-01 -6.129032258064516236e-01
1.963053524044709036e-02 -4.291243332295964219e-01 -8.064516129032258673e-01
1.963053524044709036e-02 1.678672156750919964e-01 -8.064516129032258673e-01
2.388397140432961183e-02 -1.873884116857490179e-01 2.258064516129031918e-01
2.388397140432962917e-02 4.289086233611179577e-01 2.258064516129031918e-01
2.548444351947020195e-02 -2.000409508845229223e-01 -3.548387096774193172e-01
2.548444351947020195e-02 3.402227631428406118e-01 -3.548387096774193172e-01
3.152298963228261641e-02 -1.660453586733976750e-01 9.677419354838708021e-02
3.152298963228261641e-02 4.697573167815839446e-01 9.677419354838708021e-02
3.209952009393387401e-02 -1.563008692648539255e-01 -3.225806451612903136e-02
3.209952009393388095e-02 4.729776103614728999e-01 -3.225806451612903136e-02
3.330854541565601845e-02 -3.543190939749302215e-01 -6.774193548387097419e-01
3.330854541565601845e-02 1.859446200524332848e-01 -6.774193548387097419e-01
3.331248927504807528e-02 -1.593391885172619482e-01 -1.612903225806451291e-01
3.331248927504807528e-02 4.376523603874264978e-01 -1.612903225806451291e-01
3.556917578991456580e-02 -4.178010083211228798e-01 7.419354838709677491e-01
3.556917578991458662e-02 1.984960267257441235e-01 7.419354838709677491e-01
4.251860651172588434e-02 -1.727121641950997988e-01 -2.903225806451612545e-01
4.251860651172588434e-02 3.675515498322636798e-01 -2.903225806451612545e-01
4.607068839581881375e-02 -2.107288247048516028e-01 2.903225806451614210e-01
4.607068839581882763e-02 4.055682103420154005e-01 2.903225806451614210e-01
4.664155251016172121e-02 -4.641580159397612482e-01 8.709677419354838745e-01
4.664155251016172815e-02 1.716446595152202881e-01 8.709677419354838745e-01
4.778701182555144394e-02 -4.447524526646147169e-01 -8.709677419354838745e-01
4.778701182555144394e-02 1.522390962400737291e-01 -8.709677419354838745e-01
4.820095862254616254e-02 -4.737941829050587583e-01 -1.000000000000000000e+00
4.820095862254616947e-02 1.554842967212680949e-01 -1.000000000000000000e+00
4.820095862254619723e-02 -4.737941829050587583e-01 1.000000000000000000e+00
4.820095862254620417e-02 1.554842967212680949e-01 1.000000000000000000e+00
5.302011911763007679e-02 -3.797843478113711035e-01 -7.419354838709677491e-01
5.302011911763007679e-02 1.604793662159923473e-01 -7.419354838709677491e-01
5.528074949188862414e-02 -3.923357544846819978e-01 6.774193548387097419e-01
5.528074949188864495e-02 2.239612805621850333e-01 6.774193548387097419e-01
6.035431273163331667e-02 -2.226476440255564793e-01 -4.838709677419354982e-01
6.035431273163335136e-02 2.387697751939107382e-01 -4.838709677419354982e-01
6.111607506066508294e-02 -1.787447517924085350e-01 1.612903225806451291e-01
6.111607506066508988e-02 4.570579236625730291e-01 1.612903225806451291e-01
6.198536168879698743e-02 -2.548091889210066796e-01 -5.483870967741935054e-01
6.198536168879702907e-02 2.066082302984605101e-01 -5.483870967741935054e-01
6.290557470343055568e-02 -1.466397953982511160e-01 -9.677419354838708021e-02
6.290557470343055568e-02 4.503517535064373023e-01 -9.677419354838708021e-02
6.310485138807447880e-02 -2.380576113942746985e-01 3.548387096774194283e-01
6.310485138807449268e-02 3.782394236525922770e-01 3.548387096774194283e-01
6.430239715115848576e-02 -1.563008692648539255e-01 3.225806451612903136e-02
6.430239715115849963e-02 4.729776103614728999e-01 3.225806451612903136e-02
6.470532350321503423e-02 -1.493717511759972694e-01 -2.258064516129031918e-01
6.470532350321503423e-02 3.908919628513662370e-01 -2.258064516129031918e-01
6.523072283366196378e-02 -1.908161201022574860e-01 -4.193548387096774355e-01
6.523072283366199153e-02 2.706012991172097593e-01 -4.193548387096774355e-01
6.946270821121987293e-02 -3.634238652754672727e-01 6.129032258064517347e-01
6.946270821121988681e-02 2.528731697713997861e-01 6.129032258064517347e-01
7.005709436920658228e-02 -2.859840573617672965e-01 -6.129032258064516236e-01
7.005709436920662392e-02 1.754333618576999210e-01 -6.129032258064516236e-01
7.428907974676453307e-02 -2.682559280159574344e-01 4.193548387096774910e-01
7.428907974676454695e-02 3.480411070309095689e-01 4.193548387096774910e-01
7.479802909526607479e-02 -4.485298965047430086e-01 8.064516129032258673e-01
7.479802909526607479e-02 1.872727789502385554e-01 8.064516129032258673e-01
7.641495119235203193e-02 -1.606178034805747779e-01 -3.548387096774193172e-01
7.641495119235205968e-02 3.007996157388924674e-01 -3.548387096774193172e-01
7.745431365887657515e-02 -4.007604157909340215e-01 -8.064516129032258673e-01
7.745431365887657515e-02 1.395032982364294849e-01 -8.064516129032258673e-01
7.753444089162947472e-02 -3.322489968347066003e-01 5.483870967741936164e-01
7.753444089162950248e-02 2.840480382121604030e-01 5.483870967741936164e-01
7.851304099487392552e-02 -4.543928065091925039e-01 -9.354838709677419928e-01
7.851304099487392552e-02 1.425987423954958588e-01 -9.354838709677419928e-01
7.916548984879316631e-02 -3.000874519392563999e-01 4.838709677419355537e-01
7.916548984879319406e-02 3.162095831076106034e-01 4.838709677419355537e-01
8.023861313173964727e-02 -4.705362718700117908e-01 9.354838709677419928e-01
8.023861313173964727e-02 1.587422077563150902e-01 9.354838709677419928e-01
8.423905308853785190e-02 -3.148959465709820771e-01 -6.774193548387097419e-01
8.423905308853787965e-02 1.465214726484851404e-01 -6.774193548387097419e-01
8.754701925092761572e-02 -1.971412318898062843e-01 2.258064516129031918e-01
8.754701925092764347e-02 4.386614435651752797e-01 2.258064516129031918e-01
9.113626769347757395e-02 -1.309752710785995200e-01 -1.612903225806451291e-01
9.113626769347757395e-02 4.092884429487639864e-01 -1.612903225806451291e-01
9.344911418460771779e-02 -1.332890167911516266e-01 -2.903225806451612545e-01
9.344911418460774555e-02 3.281284024283155909e-01 -2.903225806451612545e-01
9.444925697545507315e-02 -1.401574039040347219e-01 -3.225806451612903136e-02
9.444925697545507315e-02 4.568341450006537241e-01 -3.225806451612903136e-02
9.584607942318301710e-02 -1.627832607590703196e-01 9.677419354838708021e-02
9.584607942318303098e-02 4.664952188672565336e-01 9.677419354838708021e-02
9.923222363651257316e-02 -4.275538285251801462e-01 7.419354838709677491e-01
9.923222363651258704e-02 2.082488469298014178e-01 7.419354838709677491e-01
1.023064486907591109e-01 -1.737792549430635103e-01 -4.838709677419354982e-01
1.023064486907591109e-01 1.899013861114177137e-01 -4.838709677419354982e-01
1.039374976479227747e-01 -2.059407998385136829e-01 -5.483870967741935054e-01
1.039374976479227747e-01 1.577398412159675134e-01 -5.483870967741935054e-01
1.039506267905119102e-01 -3.403612004074229591e-01 -7.419354838709677491e-01
1.039506267905119380e-01 1.210562188120442306e-01 -7.419354838709677491e-01
1.056107902439809287e-01 -4.163885352259522055e-01 -8.709677419354838745e-01
1.056107902439809287e-01 1.238751788014112454e-01 -8.709677419354838745e-01
1.071828587927877441e-01 -1.419477310197645170e-01 -4.193548387096774355e-01
1.071828587927877441e-01 2.217329100347167348e-01 -4.193548387096774355e-01
1.097337362424168211e-01 -2.204816449089088415e-01 2.903225806451614210e-01
1.097337362424168350e-01 4.153210305460727225e-01 2.903225806451614210e-01
1.105506955040673756e-01 -4.576507175442395825e-01 -1.000000000000000000e+00
1.105506955040673756e-01 1.393408313604488635e-01 -1.000000000000000000e+00
1.105506955040674033e-01 -4.576507175442395825e-01 1.000000000000000000e+00
1.105506955040674033e-01 1.393408313604488635e-01 1.000000000000000000e+00
1.109646423010621358e-01 -4.608959180254339483e-01 8.709677419354838745e-01
1.109646423010621358e-01 1.683825616008929604e-01 8.709677419354838745e-01
1.120092303283323765e-01 -2.371156682792742998e-01 -6.129032258064516236e-01
1.120092303283323765e-01 1.265649727752069242e-01 -6.129032258064516236e-01
1.156358311760968538e-01 -1.099486037720491111e-01 -2.258064516129031918e-01
1.156358311760968954e-01 3.514688154474180926e-01 -2.258064516129031918e-01
1.183670871514778261e-01 -1.117494143980817811e-01 -3.548387096774193172e-01
1.183670871514778261e-01 2.519312266563994429e-01 -3.548387096774193172e-01
1.189437973384866315e-01 -4.020885746887392087e-01 6.774193548387097419e-01
1.189437973384866454e-01 2.337141007662423553e-01 6.774193548387097419e-01
1.207293531218600335e-01 -1.182758779595886461e-01 -9.677419354838708021e-02
1.207293531218600335e-01 4.219878360677747908e-01 -9.677419354838708021e-02
1.254391648515654767e-01 -1.754826538780812073e-01 1.612903225806451291e-01
1.254391648515655044e-01 4.537958257482456736e-01 1.612903225806451291e-01
1.261911890476636322e-01 -2.660275574884890526e-01 -6.774193548387097419e-01
1.261911890476636322e-01 9.765308356599214368e-02 -6.774193548387097419e-01
1.266521340326797196e-01 -1.401574039040347219e-01 3.225806451612903136e-02
1.266521340326797196e-01 4.568341450006537241e-01 3.225806451612903136e-02
1.267678992346724931e-01 -2.478104315983319927e-01 3.548387096774194283e-01
1.267678992346724931e-01 3.879922438566495990e-01 3.548387096774194283e-01
1.283848213317584086e-01 -3.613372683869858770e-01 -8.064516129032258673e-01
1.283848213317584364e-01 1.000801508324813544e-01 -8.064516129032258673e-01
1.331257560578178734e-01 -3.731766854795244837e-01 6.129032258064517347e-01
1.331257560578179011e-01 2.626259899754570526e-01 6.129032258064517347e-01
1.335626875607955899e-01 -1.174663017728548170e-01 -4.838709677419354982e-01
1.335626875607955899e-01 1.335884329412090066e-01 -4.838709677419354982e-01
1.351937365179592399e-01 -1.496278466683050035e-01 -5.483870967741935054e-01
1.351937365179592399e-01 1.014268880457588062e-01 -5.483870967741935054e-01
1.354012501437334981e-01 -8.442062770865865762e-02 -2.903225806451612545e-01
1.354012501437334981e-01 2.792600133458225664e-01 -2.903225806451612545e-01
1.363368194133034172e-01 -4.260288890705301035e-01 -9.354838709677419928e-01
1.363368194133034172e-01 1.142348249568333751e-01 -9.354838709677419928e-01
1.379521275933625335e-01 -2.780087482200147009e-01 4.193548387096774910e-01
1.379521275933625613e-01 3.577939272349668909e-01 4.193548387096774910e-01
1.384390976628242231e-01 -8.563477784955580985e-02 -4.193548387096774355e-01
1.384390976628242231e-01 1.654199568645079998e-01 -4.193548387096774355e-01
1.391211188861664894e-01 -4.452677985904157087e-01 8.064516129032258673e-01
1.391211188861664894e-01 1.840106810359111722e-01 8.064516129032258673e-01
1.411974887382274890e-01 -3.420018170387639223e-01 5.483870967741936164e-01
1.411974887382275168e-01 2.938008584162176695e-01 5.483870967741936164e-01
1.420667753663593935e-01 -9.155212367465136170e-02 -1.612903225806451291e-01
1.420667753663594213e-01 3.698652955448158419e-01 -1.612903225806451291e-01
1.425883500132608395e-01 -4.543928065091925039e-01 9.354838709677419928e-01
1.425883500132608395e-01 1.425987423954958588e-01 9.354838709677419928e-01
1.428285376953911667e-01 -3.098402721433137219e-01 4.838709677419355537e-01
1.428285376953911945e-01 3.259624033116678699e-01 4.838709677419355537e-01
1.432654691983688555e-01 -1.808027151090656204e-01 -6.129032258064516236e-01
1.432654691983688555e-01 7.025201960499820319e-02 -6.129032258064516236e-01
1.459027627496377044e-01 -2.914928113249299901e-01 -7.419354838709677491e-01
1.459027627496377044e-01 7.218782972955123389e-02 -7.419354838709677491e-01
1.496233260215142913e-01 -5.543646122787308089e-02 -3.548387096774193172e-01
1.496233260215142913e-01 1.956182734861907357e-01 -3.548387096774193172e-01
1.518701090418280164e-01 -1.938791339754789567e-01 2.258064516129031918e-01
1.518701090418280442e-01 4.353993456508479243e-01 2.258064516129031918e-01
1.522730353938845649e-01 -1.117934864653722660e-01 -3.225806451612903136e-02
1.522730353938845649e-01 4.284702275619912681e-01 -3.225806451612903136e-02
1.528433952499513027e-01 -5.601424343420982610e-02 -4.838709677419354982e-01
1.528433952499513027e-01 7.213637460256401568e-02 -4.838709677419354982e-01
1.544744442071149804e-01 -8.817578832966004032e-02 -5.483870967741935054e-01
1.544744442071149804e-01 3.997482970711380840e-02 -5.483870967741935054e-01
1.565412979168627483e-01 -3.769653878220040610e-01 -8.709677419354838745e-01
1.565412979168628038e-01 8.445203139746312870e-02 -8.709677419354838745e-01
1.574474279177001113e-01 -2.097146043182803732e-01 -6.774193548387097419e-01
1.574474279177001113e-01 4.134013039578342263e-02 -6.774193548387097419e-01
1.575879671352226619e-01 -6.108021468955614208e-02 -2.258064516129031918e-01
1.575879671352226619e-01 3.026004263649250681e-01 -2.258064516129031918e-01
1.577198053519799636e-01 -2.418271951091082936e-02 -4.193548387096774355e-01
1.577198053519799636e-01 1.039678985258630090e-01 -4.193548387096774355e-01
1.581958163047042232e-01 -1.466397953982511160e-01 9.677419354838708021e-02
1.581958163047042232e-01 4.503517535064373023e-01 9.677419354838708021e-02
1.593592173200453210e-01 8.061065584177051421e-03 -4.838709677419354982e-01
1.593592173200453210e-01 8.061065584177129484e-03 -4.838709677419354982e-01
1.609902662772089710e-01 -2.410047931127315760e-02 -5.483870967741935054e-01
1.609902662772089710e-01 -2.410047931127307780e-02 -5.483870967741935054e-01
1.625461768875245683e-01 -1.193506567704206295e-01 -6.129032258064516236e-01
1.625461768875245683e-01 8.799961266353210562e-03 -6.129032258064516236e-01
1.635553134274130016e-01 -4.242917306108528464e-01 7.419354838709677491e-01
1.635553134274130016e-01 2.049867490154740624e-01 7.419354838709677491e-01
1.642356274220739543e-01 3.989258950747604643e-02 -4.193548387096774355e-01
1.642356274220739543e-01 3.989258950747612970e-02 -4.193548387096774355e-01
1.666574890137699771e-01 -2.810767453844995739e-02 -2.903225806451612545e-01
1.666574890137699771e-01 2.229470601756138870e-01 -2.903225806451612545e-01
1.683744739224968534e-01 -4.292868001055771265e-01 -1.000000000000000000e+00
1.683744739224968534e-01 1.109769139217863798e-01 -1.000000000000000000e+00
1.683744739224969089e-01 -4.292868001055771265e-01 1.000000000000000000e+00
1.683744739224969089e-01 1.109769139217863798e-01 1.000000000000000000e+00
1.689040337106700040e-01 6.015597110771895260e-03 -3.548387096774193172e-01
1.689040337106700040e-01 1.341662151475457310e-01 -3.548387096774193172e-01
1.690619989576185589e-01 -5.527534775203375716e-02 -6.129032258064516236e-01
1.690619989576185589e-01 -5.527534775203368084e-02 -6.129032258064516236e-01
1.703369572908841889e-01 -3.124688793044928525e-01 -8.064516129032258673e-01
1.703369572908841889e-01 5.121176174998835068e-02 -8.064516129032258673e-01
1.716598607947418531e-01 -7.885273055564050171e-02 -9.677419354838708021e-02
1.716598607947419086e-01 3.825646886638267019e-01 -9.677419354838708021e-02
1.733143791825833280e-01 -4.447524526646147169e-01 8.709677419354838745e-01
1.733143791825833280e-01 1.522390962400737291e-01 8.709677419354838745e-01
1.740568260333172357e-01 -2.172195469945815416e-01 2.903225806451614210e-01
1.740568260333172634e-01 4.120589326317453671e-01 2.903225806451614210e-01
1.754198557807639947e-01 7.009090612915877538e-02 -3.548387096774193172e-01
1.754198557807639947e-01 7.009090612915885865e-02 -3.548387096774193172e-01
1.767281356068558240e-01 -1.482625459796354239e-01 -6.774193548387097419e-01
1.767281356068558240e-01 -2.011192794286157173e-02 -6.774193548387097419e-01
1.771590016196741557e-01 -2.351798581547213107e-01 -7.419354838709677491e-01
1.771590016196741557e-01 1.587487655934250938e-02 -7.419354838709677491e-01
1.832439576769498146e-01 -8.418723696124852385e-02 -6.774193548387097419e-01
1.832439576769498146e-01 -8.418723696124845446e-02 -6.774193548387097419e-01
1.832668871293870461e-01 -3.988264767744119088e-01 6.774193548387097419e-01
1.832668871293870738e-01 2.304520028519149721e-01 6.774193548387097419e-01
1.840189113254851738e-01 -4.268373459215839272e-02 -1.612903225806451291e-01
1.840189113254851738e-01 3.209969064623228174e-01 -1.612903225806451291e-01
1.844759124511091974e-01 -1.117934864653722660e-01 3.225806451612903136e-02
1.844759124511091974e-01 4.284702275619912681e-01 3.225806451612903136e-02
1.859381967029257177e-01 3.334438380019501963e-02 -2.903225806451612545e-01
1.859381967029257177e-01 1.614950018369688822e-01 -2.903225806451612545e-01
1.872673270861852646e-01 -3.866057416665819590e-01 -9.354838709677419928e-01
1.872673270861852923e-01 7.481167755288525845e-02 -9.354838709677419928e-01
1.877889017330867105e-01 -1.593391885172619482e-01 1.612903225806451291e-01
1.877889017330867105e-01 4.376523603874264978e-01 1.612903225806451291e-01
1.888442060052591409e-01 -4.767261519347440989e-03 -2.258064516129031918e-01
1.888442060052591409e-01 2.462874731947163609e-01 -2.258064516129031918e-01
1.910909890255728938e-01 -2.445483336840046373e-01 3.548387096774194283e-01
1.910909890255728938e-01 3.847301459423221881e-01 3.548387096774194283e-01
1.924540187730196805e-01 9.741969281858189889e-02 -2.903225806451612545e-01
1.924540187730196805e-01 9.741969281858198215e-02 -2.903225806451612545e-01
1.964397093088298962e-01 -1.737277998160763059e-01 -7.419354838709677491e-01
1.964397093088298962e-01 -4.557718177930248499e-02 -7.419354838709677491e-01
1.974488458487182740e-01 -3.699145875651971838e-01 6.129032258064517347e-01
1.974488458487183018e-01 2.593638920611296972e-01 6.129032258064517347e-01
1.984934338759885564e-01 -3.280969987395110921e-01 -8.709677419354838745e-01
1.984934338759885564e-01 3.558364231497011115e-02 -8.709677419354838745e-01
2.004121284316903451e-01 -4.260288890705301035e-01 9.354838709677419928e-01
2.004121284316903451e-01 1.142348249568333751e-01 9.354838709677419928e-01
2.014708557676876954e-01 -4.291243332295964219e-01 8.064516129032258673e-01
2.014708557676876954e-01 1.678672156750919964e-01 8.064516129032258673e-01
2.015931961609206680e-01 -2.561559261342841731e-01 -8.064516129032258673e-01
2.015931961609206680e-01 -5.101191420220367763e-03 -8.064516129032258673e-01
2.022752173842629342e-01 -2.747466503056873455e-01 4.193548387096774910e-01
2.022752173842629619e-01 3.545318293206395355e-01 4.193548387096774910e-01
2.029555313789238868e-01 -1.096524907976894475e-01 -7.419354838709677491e-01
2.029555313789238868e-01 -1.096524907976893781e-01 -7.419354838709677491e-01
2.032035430667663845e-01 -7.237033906142410766e-02 -3.225806451612903136e-02
2.032035430667664400e-01 3.890470801580430682e-01 -3.225806451612903136e-02
2.055205785291279175e-01 -3.387397191244365113e-01 5.483870967741936164e-01
2.055205785291279175e-01 2.905387605018903696e-01 5.483870967741936164e-01
2.071516274862915952e-01 -3.065781742289863665e-01 4.838709677419355537e-01
2.071516274862915952e-01 3.227003053973405700e-01 4.838709677419355537e-01
2.081249136944148814e-01 5.668479681929753516e-02 -2.258064516129031918e-01
2.081249136944148814e-01 1.848354148560713839e-01 -2.258064516129031918e-01
2.136119967538676334e-01 -2.998434147314752232e-02 -9.677419354838708021e-02
2.136119967538676334e-01 3.336962995813337329e-01 -9.677419354838708021e-02
2.142198459233492502e-01 -1.777356686146596976e-01 2.258064516129031918e-01
2.142198459233492502e-01 4.192558802900287485e-01 2.258064516129031918e-01
2.146407357645088720e-01 1.207601058376844283e-01 -2.258064516129031918e-01
2.146407357645088720e-01 1.207601058376844977e-01 -2.258064516129031918e-01
2.152751501955216806e-01 1.362921857805030924e-02 -1.612903225806451291e-01
2.152751501955216806e-01 2.646839532921141380e-01 -1.612903225806451291e-01
2.160195947231337010e-01 -1.182758779595886461e-01 9.677419354838708021e-02
2.160195947231337010e-01 4.219878360677747908e-01 9.677419354838708021e-02
2.193049815953786730e-01 -3.898636527016289266e-01 -1.000000000000000000e+00
2.193049815953787007e-01 7.155376651783826314e-02 -1.000000000000000000e+00
2.193049815953787562e-01 -3.898636527016289266e-01 1.000000000000000000e+00
2.193049815953787840e-01 7.155376651783826314e-02 1.000000000000000000e+00
2.208739038500764085e-01 -1.947038677956391961e-01 -8.064516129032258673e-01
2.208739038500764085e-01 -6.655324975886536820e-02 -8.064516129032258673e-01
2.259050503089342077e-01 -4.081482652500336150e-01 7.419354838709677491e-01
2.259050503089342077e-01 1.888432836546548310e-01 7.419354838709677491e-01
2.273897259201703991e-01 -1.306285587772523238e-01 -8.064516129032258673e-01
2.273897259201703991e-01 -1.306285587772522405e-01 -8.064516129032258673e-01
2.292194630453110449e-01 -3.377373525840889346e-01 -9.354838709677419928e-01
2.292194630453110449e-01 2.594328847039224784e-02 -9.354838709677419928e-01
2.297496727460250077e-01 -2.717840455693024126e-01 -8.709677419354838745e-01
2.297496727460250077e-01 -2.072931085523860295e-02 -8.709677419354838745e-01
2.311381576010128336e-01 -4.163885352259522055e-01 8.709677419354838745e-01
2.311381576010128336e-01 1.238751788014112454e-01 8.709677419354838745e-01
2.345558578846773934e-01 7.508127691669529147e-02 -1.612903225806451291e-01
2.345558578846773934e-01 2.032318949534691332e-01 -1.612903225806451291e-01
2.354064201239910170e-01 -7.237033906142410766e-02 3.225806451612903136e-02
2.354064201239910725e-01 3.890470801580430682e-01 3.225806451612903136e-02
2.364065629148384140e-01 -2.010760816337622825e-01 2.903225806451614210e-01
2.364065629148384140e-01 3.959154672709261358e-01 2.903225806451614210e-01
2.410716799547713840e-01 1.391565859350821777e-01 -1.612903225806451291e-01
2.410716799547713840e-01 1.391565859350822332e-01 -1.612903225806451291e-01
2.448682356239041402e-01 2.632861169706117790e-02 -9.677419354838708021e-02
2.448682356239041402e-01 2.773833464111249980e-01 -9.677419354838708021e-02
2.451556790258921925e-01 -2.350194997893113522e-02 -3.225806451612903136e-02
2.451556790258921925e-01 3.401786910755500992e-01 -3.225806451612903136e-02
2.456126801515161884e-01 -1.309752710785995200e-01 1.612903225806451291e-01
2.456126801515161884e-01 4.092884429487639864e-01 1.612903225806451291e-01
2.456166240109082244e-01 -3.826830114135926775e-01 6.774193548387097419e-01
2.456166240109082244e-01 2.143085374910957686e-01 6.774193548387097419e-01
2.490303804351807482e-01 -2.103319872306574356e-01 -8.709677419354838745e-01
2.490303804351807482e-01 -8.218136919388359385e-02 -8.709677419354838745e-01
2.513426361045721369e-01 -3.866057416665819590e-01 9.354838709677419928e-01
2.513426361045721924e-01 7.481167755288525845e-02 9.354838709677419928e-01
2.534407259070940999e-01 -2.284048683231854060e-01 3.548387096774194283e-01
2.534407259070940999e-01 3.685866805815030123e-01 3.548387096774194283e-01
2.555462025052747665e-01 -1.462566782122705633e-01 -8.709677419354838745e-01
2.555462025052747665e-01 -1.462566782122704800e-01 -8.709677419354838745e-01
2.592946341861172010e-01 -4.007604157909340215e-01 8.064516129032258673e-01
2.592946341861172010e-01 1.395032982364294849e-01 8.064516129032258673e-01
2.597985827302394801e-01 -3.537711222043779524e-01 6.129032258064517347e-01
2.597985827302394801e-01 2.432204267003104936e-01 6.129032258064517347e-01
2.604757019153475239e-01 -2.814243994138803107e-01 -9.354838709677419928e-01
2.604757019153475239e-01 -3.036966469981646974e-02 -9.354838709677419928e-01
2.612571175545044810e-01 -3.409952636191360131e-01 -1.000000000000000000e+00
2.612571175545044810e-01 2.268537743534525253e-02 -1.000000000000000000e+00
2.612571175545045365e-01 -3.409952636191360131e-01 1.000000000000000000e+00
2.612571175545045365e-01 2.268537743534525253e-02 1.000000000000000000e+00
2.641489433130598807e-01 8.778067003570615146e-02 -9.677419354838708021e-02
2.641489433130598807e-01 2.159312880724800210e-01 -9.677419354838708021e-02
2.646249542657841403e-01 -2.586031849448681141e-01 4.193548387096774910e-01
2.646249542657841403e-01 3.383883639598203596e-01 4.193548387096774910e-01
2.669501023960155761e-01 -7.885273055564050171e-02 9.677419354838708021e-02
2.669501023960155761e-01 3.825646886638267019e-01 9.677419354838708021e-02
2.678703154106490958e-01 -3.225962537636173355e-01 5.483870967741936164e-01
2.678703154106490958e-01 2.743952951410711383e-01 5.483870967741936164e-01
2.695013643678128012e-01 -2.904347088681671352e-01 4.838709677419355537e-01
2.695013643678128012e-01 3.065568400365212831e-01 4.838709677419355537e-01
2.706647653831538713e-01 1.518559790540930377e-01 -9.677419354838708021e-02
2.706647653831538713e-01 1.518559790540931209e-01 -9.677419354838708021e-02
2.720436243417787003e-01 -1.493717511759972694e-01 2.258064516129031918e-01
2.720436243417787003e-01 3.908919628513662370e-01 2.258064516129031918e-01
2.764119178959286716e-01 3.281100319127756848e-02 -3.225806451612903136e-02
2.764119178959286716e-01 2.838657379053413643e-01 -3.225806451612903136e-02
2.773585560831168251e-01 -2.350194997893113522e-02 3.225806451612903136e-02
2.773585560831168251e-01 3.401786910755500992e-01 3.225806451612903136e-02
2.797564096045032644e-01 -2.199723410752353336e-01 -9.354838709677419928e-01
2.797564096045032644e-01 -9.182172303846146411e-02 -9.354838709677419928e-01
2.820686652738946809e-01 -3.769653878220040610e-01 8.709677419354838745e-01
2.820686652738946809e-01 8.445203139746312870e-02 8.709677419354838745e-01
2.837288287273636578e-01 -3.797843478113711035e-01 7.419354838709677491e-01
2.837288287273636578e-01 1.604793662159923473e-01 7.419354838709677491e-01
2.862722316745972551e-01 -1.558970320568484336e-01 -9.354838709677419928e-01
2.862722316745972551e-01 -1.558970320568483503e-01 -9.354838709677419928e-01
2.925133564245409601e-01 -2.846823104489272782e-01 -1.000000000000000000e+00
2.925133564245409601e-01 -3.362757573486346158e-02 -1.000000000000000000e+00
2.925133564245410156e-01 -2.846823104489272782e-01 1.000000000000000000e+00
2.925133564245410156e-01 -3.362757573486346158e-02 1.000000000000000000e+00
2.932947720636979727e-01 -3.377373525840889346e-01 9.354838709677419928e-01
2.932947720636979727e-01 2.594328847039224784e-02 9.354838709677419928e-01
2.942303413332679751e-01 -1.727121641950998543e-01 2.903225806451614210e-01
2.942303413332679751e-01 3.675515498322636798e-01 2.903225806451614210e-01
2.956926255850844121e-01 9.426306152992254550e-02 -3.225806451612903136e-02
2.956926255850844121e-01 2.224136795666963873e-01 -3.225806451612903136e-02
2.965431878243980357e-01 -9.155212367465136170e-02 1.612903225806451291e-01
2.965431878243980357e-01 3.698652955448158419e-01 1.612903225806451291e-01
3.022084476551784027e-01 1.583383705483094317e-01 -3.225806451612903136e-02
3.022084476551784027e-01 1.583383705483094872e-01 -3.225806451612903136e-02
3.034404024293377855e-01 -3.543190939749302215e-01 6.774193548387097419e-01
3.034404024293377855e-01 1.859446200524332848e-01 6.774193548387097419e-01
3.086147949531533041e-01 3.281100319127756848e-02 3.225806451612903136e-02
3.086147949531533041e-01 2.838657379053413643e-01 3.225806451612903136e-02
3.089022383551413564e-01 -2.998434147314752232e-02 9.677419354838708021e-02
3.089022383551413564e-01 3.336962995813337329e-01 9.677419354838708021e-02
3.102251418589990206e-01 -3.613372683869858770e-01 8.064516129032258673e-01
3.102251418589990206e-01 1.000801508324813544e-01 8.064516129032258673e-01
3.112645043255235500e-01 -2.000409508845229500e-01 3.548387096774194283e-01
3.112645043255235500e-01 3.402227631428405008e-01 3.548387096774194283e-01
3.117940641136966451e-01 -2.232302521102823289e-01 -1.000000000000000000e+00
3.117940641136966451e-01 -9.507963407350845941e-02 -1.000000000000000000e+00
3.117940641136967561e-01 -2.232302521102823289e-01 1.000000000000000000e+00
3.117940641136967561e-01 -9.507963407350845941e-02 1.000000000000000000e+00
3.176223611486689857e-01 -3.254072047657154410e-01 6.129032258064517347e-01
3.176223611486689857e-01 2.148565092616480099e-01 6.129032258064517347e-01
3.183098861837906357e-01 -1.591549430918954289e-01 -1.000000000000000000e+00
3.183098861837906357e-01 -1.591549430918953456e-01 -1.000000000000000000e+00
3.183098861837906912e-01 -1.591549430918954289e-01 1.000000000000000000e+00
3.183098861837906912e-01 -1.591549430918953456e-01 1.000000000000000000e+00
3.224487326842136459e-01 -2.302392675062056582e-01 4.193548387096774910e-01
3.224487326842136459e-01 3.100244465211577927e-01 4.193548387096774910e-01
3.229741320146605754e-01 -1.099486037720491111e-01 2.258064516129031918e-01
3.229741320146605754e-01 3.514688154474180926e-01 2.258064516129031918e-01
3.240208012330204612e-01 -3.280969987395110921e-01 8.709677419354838745e-01
3.240208012330204612e-01 3.558364231497011115e-02 8.709677419354838745e-01
3.245510109337343962e-01 -2.814243994138803107e-01 9.354838709677419928e-01
3.245510109337343962e-01 -3.036966469981646974e-02 9.354838709677419928e-01
3.256940938290786569e-01 -2.942323363249548795e-01 5.483870967741936164e-01
3.256940938290786569e-01 2.460313777024086268e-01 5.483870967741936164e-01
3.273251427862423069e-01 -2.620707914295046792e-01 4.838709677419355537e-01
3.273251427862423069e-01 2.781929225978588271e-01 4.838709677419355537e-01
3.278955026423090446e-01 9.426306152992254550e-02 3.225806451612903136e-02
3.278955026423090446e-01 2.224136795666963873e-01 3.225806451612903136e-02
3.344113247124029797e-01 1.583383705483094317e-01 3.225806451612903136e-02
3.344113247124029797e-01 1.583383705483094872e-01 3.225806451612903136e-02
3.346593364002454773e-01 -3.403612004074229591e-01 7.419354838709677491e-01
3.346593364002455329e-01 1.210562188120442306e-01 7.419354838709677491e-01
3.384953237835238160e-01 -4.268373459215839272e-02 1.612903225806451291e-01
3.384953237835238160e-01 3.209969064623228174e-01 1.612903225806451291e-01
3.401584772251777800e-01 2.632861169706117790e-02 9.677419354838708021e-02
3.401584772251777800e-01 2.773833464111249980e-01 9.677419354838708021e-02
3.438317186228901368e-01 -2.199723410752353336e-01 9.354838709677419928e-01
3.438317186228901368e-01 -9.182172303846146411e-02 9.354838709677419928e-01
3.451608490061497392e-01 -1.332890167911516821e-01 2.903225806451614210e-01
3.451608490061497947e-01 3.281284024283155354e-01 2.903225806451614210e-01
3.503475406929841274e-01 -1.558970320568484336e-01 9.354838709677419928e-01
3.503475406929841274e-01 -1.558970320568483503e-01 9.354838709677419928e-01
3.521772778181248009e-01 -3.124688793044928525e-01 8.064516129032258673e-01
3.521772778181248009e-01 5.121176174998835068e-02 8.064516129032258673e-01
3.543709101022195496e-01 -3.148959465709820771e-01 6.774193548387097419e-01
3.543709101022196051e-01 1.465214726484851404e-01 6.774193548387097419e-01
3.552770401030568848e-01 -2.717840455693024126e-01 8.709677419354838745e-01
3.552770401030568848e-01 -2.072931085523860295e-02 8.709677419354838745e-01
3.594391849143335205e-01 8.778067003570615146e-02 9.677419354838708021e-02
3.594391849143335205e-01 2.159312880724800210e-01 9.677419354838708021e-02
3.621950119984054250e-01 -1.606178034805748056e-01 3.548387096774194283e-01
3.621950119984054250e-01 3.007996157388924119e-01 3.548387096774194283e-01
3.649262679737863557e-01 -6.108021468955614208e-02 2.258064516129031918e-01
3.649262679737863557e-01 3.026004263649250681e-01 2.258064516129031918e-01
3.659550069844275111e-01 1.518559790540930377e-01 9.677419354838708021e-02
3.659550069844275111e-01 1.518559790540931209e-01 9.677419354838708021e-02
3.685528688215508053e-01 -2.859840573617672965e-01 6.129032258064517347e-01
3.685528688215508608e-01 1.754333618576998932e-01 6.129032258064517347e-01
3.697515626535602395e-01 1.362921857805030924e-02 1.612903225806451291e-01
3.697515626535602395e-01 2.646839532921141380e-01 1.612903225806451291e-01
3.733792403570954654e-01 -1.908161201022575137e-01 4.193548387096774910e-01
3.733792403570955210e-01 2.706012991172097037e-01 4.193548387096774910e-01
3.745577477922126808e-01 -2.103319872306574356e-01 8.709677419354838745e-01
3.745577477922126808e-01 -8.218136919388359385e-02 8.709677419354838745e-01
3.766114723593713132e-01 -2.914928113249299901e-01 7.419354838709677491e-01
3.766114723593713132e-01 7.218782972955123389e-02 7.419354838709677491e-01
3.766246015019604210e-01 -2.548091889210066796e-01 5.483870967741936164e-01
3.766246015019604765e-01 2.066082302984605101e-01 5.483870967741936164e-01
3.782556504591241264e-01 -2.226476440255565070e-01 4.838709677419355537e-01
3.782556504591241819e-01 2.387697751939107105e-01 4.838709677419355537e-01
3.810735698623066714e-01 -1.462566782122705633e-01 8.709677419354838745e-01
3.810735698623066714e-01 -1.462566782122704800e-01 8.709677419354838745e-01
3.834335166881612245e-01 -2.561559261342841731e-01 8.064516129032258673e-01
3.834335166881612245e-01 -5.101191420220367763e-03 8.064516129032258673e-01
3.871129849652755195e-01 -8.442062770865871313e-02 2.903225806451614210e-01
3.871129849652755195e-01 2.792600133458225109e-01 2.903225806451614210e-01
3.890322703427159801e-01 7.508127691669529147e-02 1.612903225806451291e-01
3.890322703427159801e-01 2.032318949534691332e-01 1.612903225806451291e-01
3.955480924128099707e-01 1.391565859350821777e-01 1.612903225806451291e-01
3.955480924128099707e-01 1.391565859350822332e-01 1.612903225806451291e-01
3.961825068438227793e-01 -4.767261519347440989e-03 2.258064516129031918e-01
3.961825068438227793e-01 2.462874731947163609e-01 2.258064516129031918e-01
3.963230460613453299e-01 -2.660275574884890526e-01 6.774193548387097419e-01
3.963230460613453299e-01 9.765308356599214368e-02 6.774193548387097419e-01
4.027142243773170205e-01 -1.947038677956391961e-01 8.064516129032258673e-01
4.027142243773170205e-01 -6.655324975886536820e-02 8.064516129032258673e-01
4.041471479575312054e-01 -1.117494143980818366e-01 3.548387096774194283e-01
4.041471479575312054e-01 2.519312266563993874e-01 3.548387096774194283e-01
4.078677112294077922e-01 -2.351798581547213107e-01 7.419354838709677491e-01
4.078677112294077922e-01 1.587487655934250938e-02 7.419354838709677491e-01
4.092300464474110111e-01 -1.306285587772523238e-01 8.064516129032258673e-01
4.092300464474110111e-01 -1.306285587772522405e-01 8.064516129032258673e-01
4.105050047806765856e-01 -2.371156682792743553e-01 6.129032258064517347e-01
4.105050047806765856e-01 1.265649727752068965e-01 6.129032258064517347e-01
4.153313763162212457e-01 -1.419477310197645448e-01 4.193548387096774910e-01
4.153313763162212457e-01 2.217329100347166793e-01 4.193548387096774910e-01
4.154632145329785198e-01 5.668479681929753516e-02 2.258064516129031918e-01
4.154632145329785198e-01 1.848354148560713839e-01 2.258064516129031918e-01
4.183692238353120540e-01 -2.810767453845001290e-02 2.903225806451614210e-01
4.183692238353120540e-01 2.229470601756138037e-01 2.903225806451614210e-01
4.185767374610862013e-01 -2.059407998385137384e-01 5.483870967741936164e-01
4.185767374610862013e-01 1.577398412159674856e-01 5.483870967741936164e-01
4.202077864182499067e-01 -1.737792549430635380e-01 4.838709677419355537e-01
4.202077864182499067e-01 1.899013861114176860e-01 4.838709677419355537e-01
4.219790366030725104e-01 1.207601058376844283e-01 2.258064516129031918e-01
4.219790366030725104e-01 1.207601058376844977e-01 2.258064516129031918e-01
4.271484189185635327e-01 -1.737277998160763059e-01 7.419354838709677491e-01
4.271484189185635327e-01 -4.557718177930248499e-02 7.419354838709677491e-01
4.275792849313818644e-01 -2.097146043182803732e-01 6.774193548387097419e-01
4.275792849313818644e-01 4.134013039578342263e-02 6.774193548387097419e-01
4.336642409886574678e-01 -1.096524907976894475e-01 7.419354838709677491e-01
4.336642409886574678e-01 -1.096524907976893781e-01 7.419354838709677491e-01
4.354033868275676844e-01 -5.543646122787314334e-02 3.548387096774194283e-01
4.354033868275676844e-01 1.956182734861906525e-01 3.548387096774194283e-01
4.376499315244677946e-01 3.334438380019496412e-02 2.903225806451614210e-01
4.376499315244677946e-01 1.614950018369687990e-01 2.903225806451614210e-01
4.417612436507131202e-01 -1.808027151090656481e-01 6.129032258064517347e-01
4.417612436507131202e-01 7.025201960499816156e-02 6.129032258064517347e-01
4.441657535945617852e-01 9.741969281858185725e-02 2.903225806451614210e-01
4.441657535945617852e-01 9.741969281858192664e-02 2.903225806451614210e-01
4.465876151862577803e-01 -8.563477784955583760e-02 4.193548387096774910e-01
4.465876151862577803e-01 1.654199568645079998e-01 4.193548387096774910e-01
4.468599926205376049e-01 -1.482625459796354239e-01 6.774193548387097419e-01
4.468599926205376049e-01 -2.011192794286157173e-02 6.774193548387097419e-01
4.498329763311227358e-01 -1.496278466683050590e-01 5.483870967741936164e-01
4.498329763311227358e-01 1.014268880457587646e-01 5.483870967741936164e-01
4.514640252882864413e-01 -1.174663017728548448e-01 4.838709677419355537e-01
4.514640252882864413e-01 1.335884329412089788e-01 4.838709677419355537e-01
4.533758146906315956e-01 -8.418723696124852385e-02 6.774193548387097419e-01
4.533758146906315956e-01 -8.418723696124845446e-02 6.774193548387097419e-01
4.546840945167234249e-01 6.015597110771833678e-03 3.548387096774194283e-01
4.546840945167234249e-01 1.341662151475456755e-01 3.548387096774194283e-01
4.610419513398688052e-01 -1.193506567704206711e-01 6.129032258064517347e-01
4.610419513398688052e-01 8.799961266353174133e-03 6.129032258064517347e-01
4.611999165868173600e-01 7.009090612915870599e-02 3.548387096774194283e-01
4.611999165868173600e-01 7.009090612915878926e-02 3.548387096774194283e-01
4.658683228754134653e-01 -2.418271951091085711e-02 4.193548387096774910e-01
4.658683228754134653e-01 1.039678985258629951e-01 4.193548387096774910e-01
4.675577734099627958e-01 -5.527534775203379186e-02 6.129032258064517347e-01
4.675577734099627958e-01 -5.527534775203371553e-02 6.129032258064517347e-01
4.691136840202783653e-01 -8.817578832966006808e-02 5.483870967741936164e-01
4.691136840202783653e-01 3.997482970711377370e-02 5.483870967741936164e-01
4.707447329774420708e-01 -5.601424343420986079e-02 4.838709677419355537e-01
4.707447329774420708e-01 7.213637460256398792e-02 4.838709677419355537e-01
4.723841449455074559e-01 3.989258950747601867e-02 4.193548387096774910e-01
4.723841449455074559e-01 3.989258950747610194e-02 4.193548387096774910e-01
4.756295060903723559e-01 -2.410047931127318882e-02 5.483870967741936164e-01
4.756295060903723559e-01 -2.410047931127310902e-02 5.483870967741936164e-01
4.772605550475360614e-01 8.061065584177014992e-03 4.838709677419355537e-01
4.772605550475360614e-01 8.061065584177094789e-03 4.838709677419355537e-01
