-9.754336266178708081e-01 4.817567101277184238e-01 5.997314043114687285e-03
-9.754336266178706971e-01 4.937506581694075525e-01 -5.997314043115359490e-03
-9.746963770445107311e-01 4.697008060320563283e-01 1.798831541932845515e-02
-9.746963770445107311e-01 5.056590789065599223e-01 -1.798831541932869454e-02
-9.732227917753154545e-01 4.576065116986293702e-01 2.996843885864567195e-02
-9.732227917753153434e-01 5.174584288204334692e-01 -2.996843885864634502e-02
-9.710146973354503164e-01 4.454973543640713407e-01 4.193043971231923128e-02
-9.710146973354502054e-01 5.291252252659507382e-01 -4.193043971231946720e-02
-9.680748304396256110e-01 4.333967896064458980e-01 5.386708429073341908e-02
-9.680748304396253889e-01 5.406360795439600908e-01 -5.386708429073407828e-02
-9.644068343091267703e-01 4.213281683776300413e-01 6.577115423778132075e-02
-9.644068343091266593e-01 5.519677298587333247e-01 -6.577115423778155667e-02
-9.600152537689791155e-01 4.093147041921027518e-01 7.763545089596290971e-02
-9.600152537689788934e-01 5.630970741157058645e-01 -7.763545089596357585e-02
-9.549055291319054062e-01 3.973794405169239763e-01 8.945279965957771140e-02
-9.549055291319050731e-01 5.740012025146451480e-01 -8.945279965957837753e-02
-9.490839888773903166e-01 3.855452184074397715e-01 1.012160543133664992e-01
-9.490839888773902056e-01 5.846574298937418090e-01 -1.012160543133667351e-01
-9.425578411357988795e-01 3.738346444328881635e-01 1.129181013539888034e-01
-9.425578411357984354e-01 5.950433277804343390e-01 -1.129181013539894696e-01
-9.353351639891186453e-01 3.622700589357008005e-01 1.245518642917189112e-01
-9.353351639891185343e-01 6.051367561051779198e-01 -1.245518642917191332e-01
-9.274248946015118955e-01 3.508735046678367886e-01 1.361103079297545371e-01
-9.274248946015114514e-01 6.149158945348383032e-01 -1.361103079297551754e-01
-9.188368171944381047e-01 3.396666958469555797e-01 1.475864426185611866e-01
-9.188368171944378826e-01 6.243592733828852159e-01 -1.475864426185614087e-01
-9.095815498826971268e-01 3.286709876746882752e-01 1.589733284826663207e-01
-9.095815498826966827e-01 6.334458040541579571e-01 -1.589733284826669590e-01
-8.996705303892729155e-01 3.179073463586059578e-01 1.702640796173606474e-01
-8.996705303892723604e-01 6.421548089825840355e-01 -1.702640796173612858e-01
-8.891160006583930242e-01 3.073963196788242480e-01 1.814518682527559157e-01
-8.891160006583928022e-01 6.504660510209400170e-01 -1.814518682527561377e-01
-8.779309903877110521e-01 2.971580081394165629e-01 1.925299288826914090e-01
-8.779309903877103860e-01 6.583597622424740559e-01 -1.925299288826920197e-01
-8.661292995019863605e-01 2.872120367440245126e-01 2.034915623559881148e-01
-8.661292995019861385e-01 6.658166721150118317e-01 -2.034915623559883369e-01
-8.537254795920835582e-01 2.775775274342024979e-01 2.143301399275726882e-01
-8.537254795920827810e-01 6.728180350090248174e-01 -2.143301399275732710e-01
-8.407348143444988153e-01 2.682730722281156388e-01 2.250391072670308301e-01
-8.407348143444985933e-01 6.793456570020345309e-01 -2.250391072670310244e-01
-8.271732989880221654e-01 2.593167070962764664e-01 2.356119884221546945e-01
-8.271732989880216103e-01 6.853819219426942055e-01 -2.356119884221553051e-01
-8.130576187854461345e-01 2.507258866099772998e-01 2.460423897350992317e-01
-8.130576187854451353e-01 6.909098167388805223e-01 -2.460423897350997591e-01
-7.984051265995580904e-01 2.425174593970429171e-01 2.563240037087671230e-01
-7.984051265995578683e-01 6.959129558351991873e-01 -2.563240037087673451e-01
-7.832338195638924860e-01 2.347076444384107174e-01 2.664506128210951674e-01
-7.832338195638915979e-01 7.003756048463933848e-01 -2.664506128210957225e-01
-7.675623148899373138e-01 2.273120082379072315e-01 2.764160932849294983e-01
-7.675623148899370918e-01 7.042827033143012061e-01 -2.764160932849296648e-01
-7.514098248436790195e-01 2.203454428964021217e-01 2.862144187512146165e-01
-7.514098248436781313e-01 7.076198865571974306e-01 -2.862144187512151716e-01
-7.347961309254658069e-01 2.138221451202759193e-01 2.958396639532641648e-01
-7.347961309254646967e-01 7.103735065815850458e-01 -2.958396639532647199e-01
-7.177415572882903660e-01 2.077555961928797545e-01 3.052860082898999905e-01
-7.177415572882901440e-01 7.125306520277787659e-01 -3.052860082899001570e-01
-7.002669434305924812e-01 2.021585429363379482e-01 3.145477393453008363e-01
-7.002669434305914820e-01 7.140791671219376413e-01 -3.145477393453013359e-01
-6.823936162006851713e-01 1.970429796897045227e-01 3.236192563434289737e-01
-6.823936162006848383e-01 7.150076696085492234e-01 -3.236192563434291958e-01
-6.641433611508503754e-01 1.924201313280965719e-01 3.324950735349428976e-01
-6.641433611508492652e-01 7.153055676387590767e-01 -3.324950735349433972e-01
-6.455383932800022873e-01 1.883004373460033520e-01 3.411698235145547708e-01
-6.455383932800017321e-01 7.149630755913553015e-01 -3.411698235145549374e-01
-6.266013272046870863e-01 1.846935370265295751e-01 3.496382604668183403e-01
-6.266013272046861982e-01 7.139712288046697886e-01 -3.496382604668188399e-01
-6.073551467989245500e-01 1.816082557168400002e-01 3.578952633383932769e-01
-6.073551467989235508e-01 7.123218971991386317e-01 -3.578952633383937210e-01
-5.878231743441516555e-01 1.790525922285754745e-01 3.659358389348586482e-01
-5.878231743441513224e-01 7.100077977717732525e-01 -3.659358389348588148e-01
-5.680290392311659886e-01 1.770337073804680583e-01 3.737551249402104037e-01
-5.680290392311649894e-01 7.070225059453227878e-01 -3.737551249402108478e-01
-5.479966462565882823e-01 1.755579136988326128e-01 3.813483928572130033e-01
-5.479966462565879493e-01 7.033604657564735962e-01 -3.813483928572131698e-01
-5.277501435569201815e-01 1.746306662900317663e-01 3.887110508668261688e-01
-5.277501435569190713e-01 6.990169988690032588e-01 -3.887110508668266129e-01
-5.073138902237359638e-01 1.742565548974127632e-01 3.958386466049825247e-01
-5.073138902237355197e-01 6.939883123994048386e-01 -3.958386466049826913e-01
-4.867124236440216190e-01 1.744392971536042336e-01 4.027268698550295900e-01
-4.867124236440205087e-01 6.882715055441172014e-01 -4.027268698550299231e-01
-4.659704266099984893e-01 1.751817330374267900e-01 4.093715551542163600e-01
-4.659704266099974346e-01 6.818645749991210092e-01 -4.093715551542166931e-01
-4.451126942431289368e-01 1.764858205430343552e-01 4.157686843126401910e-01
-4.451126942431286038e-01 6.747664191643031328e-01 -4.157686843126403020e-01
-4.241641007772101735e-01 1.783526325672480650e-01 4.219143888431368672e-01
-4.241641007772090077e-01 6.669768411266474573e-01 -4.219143888431372558e-01
-4.031495662456773266e-01 1.807823550193866369e-01 4.278049523006421384e-01
-4.031495662456768825e-01 6.584965504179691731e-01 -4.278049523006422494e-01
-3.820940231183681535e-01 1.837742861562277064e-01 4.334368125296071406e-01
-3.820940231183669322e-01 6.493271635445722056e-01 -4.334368125296074736e-01
-3.610223829330391765e-01 1.873268371430704127e-01 4.388065638181161687e-01
-3.610223829330387879e-01 6.394712032878908659e-01 -4.388065638181162798e-01
-3.399595029669730262e-01 1.914375338401923532e-01 4.439109589573944081e-01
-3.399595029669718049e-01 6.289320967768289306e-01 -4.439109589573946857e-01
-3.189301529939111424e-01 1.961030198123293322e-01 4.487469112054698894e-01
-3.189301529939099766e-01 6.177141723342043367e-01 -4.487469112054701670e-01
-2.979589821714784259e-01 2.013190605571356095e-01 4.533114961537937915e-01
-2.979589821714779263e-01 6.058226551013510264e-01 -4.533114961537939025e-01
-2.770704861040403366e-01 2.070805489469240146e-01 4.576019534956964896e-01
-2.770704861040391709e-01 5.932636614466065828e-01 -4.576019534956967116e-01
-2.654432829942103278e-01 -7.991525715294640619e-01 3.599258894883564097e-01
-2.654432829942102723e-01 4.058434858160244185e-01 -3.599258894883562432e-01
-2.654136720929521354e-01 -7.850262415446923603e-01 3.679115933515070269e-01
-2.654136720929521354e-01 3.807703364457937223e-01 -3.679115933515067494e-01
-2.648739229596379641e-01 -8.129692577787397401e-01 3.517225303850197715e-01
-2.648739229596379086e-01 4.306664543997637540e-01 -3.517225303850191609e-01
-2.647785112564168264e-01 -7.706131415491712655e-01 3.756748128406329212e-01
-2.647785112564168264e-01 3.554715350230360782e-01 -3.756748128406325327e-01
-2.637130218682420257e-01 -8.264537302825814002e-01 3.433064767963306951e-01
-2.637130218682419147e-01 4.552150081878675869e-01 -3.433064767963301955e-01
-2.635320823164528647e-01 -7.559364173093677808e-01 3.832108533631752301e-01
-2.635320823164528092e-01 3.299718730832373881e-01 -3.832108533631752301e-01
-2.619688493637627458e-01 -8.395837540235069341e-01 3.346828180982377443e-01
-2.619688493637626348e-01 4.794652394252423844e-01 -3.346828180982374112e-01
-2.616695367111563364e-01 3.042963726892394805e-01 -3.905151577067801361e-01
-2.616695367111562254e-01 -7.410194546081155798e-01 3.905151577067804136e-01
-2.596505025920307075e-01 -8.523374598160547988e-01 3.258567692101451141e-01
-2.596505025920307075e-01 5.033935977032985010e-01 -3.258567692101451141e-01
-2.591869030709520461e-01 2.784702538498796121e-01 -3.975833087951474720e-01
-2.591869030709518795e-01 -7.258858469106490574e-01 3.975833087951479161e-01
-2.567678928073426348e-01 -8.646933746662182063e-01 3.168336674413347320e-01
-2.567678928073424682e-01 5.269769205735672646e-01 -3.168336674413341769e-01
-2.562889741257248222e-01 2.133815118763309759e-01 4.616156886956070959e-01
-2.562889741257243781e-01 5.800441921650683064e-01 -4.616156886956072070e-01
-2.560810936053320996e-01 2.525189016755771121e-01 -4.044110323591355027e-01
-2.560810936053317666e-01 -7.105593627660928835e-01 4.044110323591360578e-01
-2.533317308662336176e-01 -8.766304516093571531e-01 3.076189692633747308e-01
-2.533317308662334510e-01 5.501924636410248093e-01 -3.076189692633743422e-01
-2.523499092814139311e-01 2.264678333153023193e-01 -4.109941995215072308e-01
-2.523499092814138756e-01 -6.950639129888371848e-01 4.109941995215073973e-01
-2.493535116285351683e-01 -8.881280989858885144e-01 2.982182470104698391e-01
-2.493535116285350572e-01 5.730179300964249878e-01 -2.982182470104696170e-01
-2.479920437871261929e-01 2.003426647197097676e-01 -4.173288292937533672e-01
-2.479920437871260264e-01 -6.794235176645191387e-01 4.173288292937535893e-01
-2.448454972870989232e-01 -8.991662091148372449e-01 2.886371855097459860e-01
-2.448454972870985347e-01 5.954314996476371968e-01 -2.886371855097452643e-01
-2.430070862734782233e-01 1.741690772754039551e-01 -4.234110909834879477e-01
-2.430070862734778903e-01 -6.636622730255717917e-01 4.234110909834882808e-01
-2.398206996490210852e-01 -9.097251863261313076e-01 2.788815786435080435e-01
-2.398206996490208076e-01 6.174118568108617477e-01 -2.788815786435074884e-01
-2.373955228720432686e-01 1.479727843555413980e-01 -4.292373065109520991e-01
-2.373955228720431299e-01 -6.478043182414765511e-01 4.292373065109522101e-01
-2.356385368480344300e-01 2.202151181069041952e-01 4.653502745580262445e-01
-2.356385368480332920e-01 5.661721244786266372e-01 -4.653502745580264666e-01
-2.342928613926318071e-01 -9.197859743133998123e-01 2.689573258455495997e-01
-2.342928613926316128e-01 6.389382185234500078e-01 -2.689573258455492111e-01
-2.311587369854425644e-01 1.217794978320385219e-01 -4.348039526332301286e-01
-2.311587369854422591e-01 -6.318738021689608297e-01 4.348039526332302951e-01
-2.282764363259071061e-01 -9.293300827699588762e-01 2.588704285336331790e-01
-2.282764363259071061e-01 6.599903610409446619e-01 -2.588704285336331234e-01
-2.242990083502876819e-01 9.561489459470171037e-02 -4.401076630748358975e-01
-2.242990083502872656e-01 -6.158948501074474891e-01 4.401076630748361751e-01
-2.217865686733214436e-01 -9.383396132716333993e-01 2.486269864802990726e-01
-2.217865686733210551e-01 6.805486460819774042e-01 -2.486269864802984619e-01
-2.168195108737207277e-01 6.950458312264130856e-02 -4.451452305633731843e-01
-2.168195108737200894e-01 -5.998915306050397467e-01 4.451452305633735729e-01
-2.151430140160904836e-01 2.275736872979884640e-01 4.688034526953065440e-01
-2.151430140160900950e-01 5.516562028469477186e-01 -4.688034526953065995e-01
-2.148390714194780837e-01 -9.467972843710948938e-01 2.382331941241956630e-01
-2.148390714194778062e-01 7.005940461856438040e-01 -2.382331941241952467e-01
-2.087243092463468841e-01 4.347407015319296880e-02 -4.499136087690458474e-01
-2.087243092463467176e-01 -5.838878223602629314e-01 4.499136087690459029e-01
-2.074504037391434186e-01 -9.546864558694589942e-01 2.276953368241642905e-01
-2.074504037391432798e-01 7.201081692470815421e-01 -2.276953368241640685e-01
-2.000183543360339322e-01 1.754872749348749747e-02 -4.544099141468402880e-01
-2.000183543360334881e-01 -5.679075812646460220e-01 4.544099141468405101e-01
-1.996376475445507670e-01 -9.619911522320051533e-01 2.170197870583418509e-01
-1.996376475445501564e-01 7.390732821980512401e-01 -2.170197870583410182e-01
-1.948259627171682884e-01 2.354487002116557315e-01 4.719731348933492443e-01
-1.948259627171671504e-01 5.365060286016563040e-01 -4.719731348933494108e-01
-1.914184831820416322e-01 -9.686960851160442143e-01 2.062130005705807845e-01
-1.914184831820411603e-01 7.574723338005147077e-01 -2.062130005705801739e-01
-1.907074773686950331e-01 -8.246240980433432524e-03 -4.586314276802716527e-01
-1.907074773686943947e-01 -5.519745076310336174e-01 4.586314276802719303e-01
-1.828111643112725060e-01 -9.747866749801635811e-01 1.952815124665162605e-01
-1.828111643112721729e-01 7.752889765224133534e-01 -1.952815124665158719e-01
-1.807983829038463108e-01 -3.388583209225321663e-02 -4.625755965256330704e-01
-1.807983829038461721e-01 -5.361121136522620789e-01 4.625755965256331259e-01
-1.747106259846572529e-01 2.438308100778393550e-01 4.748574043743947204e-01
-1.747106259846561704e-01 5.207320484176100051e-01 -4.748574043743948869e-01
-1.738344920013239203e-01 -9.802490717453273827e-01 1.842319332616413341e-01
-1.738344920013238926e-01 7.925075874660594266e-01 -1.842319332616413341e-01
-1.702986406143529863e-01 -5.934527585742991468e-02 -4.662400355557561049e-01
-1.702986406143526810e-01 -5.203436911345225013e-01 4.662400355557562159e-01
-1.645077880791196434e-01 -9.850701744795971049e-01 1.730709448837810527e-01
-1.645077880791190605e-01 8.091132883208851378e-01 -1.730709448837804143e-01
-1.592166758814048122e-01 -8.460006765470064194e-02 -4.696225288023528899e-01
-1.592166758814041738e-01 -5.046922795493450353e-01 4.696225288023530564e-01
-1.548508677665745847e-01 -9.892376500795618810e-01 1.618052966323800523e-01
-1.548508677665741962e-01 8.250919643135831150e-01 -1.618052966323796082e-01
-1.548199018400844562e-01 2.527098551042369357e-01 4.774545169561404401e-01
-1.548199018400840399e-01 5.043455416367021993e-01 -4.774545169561404401e-01
-1.475617592173959214e-01 -1.096260000334671469e-01 -4.727210307960600377e-01
-1.475617592173950332e-01 -4.891806344477194202e-01 4.727210307960602043e-01
-1.448840116438664949e-01 -9.927399509229352104e-01 1.504418010970507980e-01
-1.448840116438662728e-01 8.404302821300749793e-01 -1.504418010970505759e-01
-1.353439945309533321e-01 -1.343991941140465496e-01 -4.755336678033804665e-01
-1.353439945309530823e-01 -4.738311962793531618e-01 4.755336678033805220e-01
-1.351763128152023985e-01 2.620748721139977699e-01 4.797629021064870325e-01
-1.351763128152012883e-01 4.873586064612152602e-01 -4.797629021064871435e-01
-1.346279369771362089e-01 -9.955663314681667542e-01 1.389873300378481891e-01
-1.346279369771354595e-01 8.551157067850903015e-01 -1.389873300378473286e-01
-1.241037684497910409e-01 -9.977068637783493843e-01 1.274488102297623160e-01
-1.241037684497904442e-01 8.691365174166117979e-01 -1.274488102297616776e-01
-1.225743062499572988e-01 -1.588961305382784461e-01 -4.780587389597713011e-01
-1.225743062499566743e-01 -4.586660596595284467e-01 4.780587389597713566e-01
-1.158019759955132705e-01 2.719141112926689030e-01 4.817811638932748552e-01
-1.158019759955128680e-01 4.697841450352800430e-01 -4.817811638932749108e-01
-1.133330083373953745e-01 -9.991524519481678190e-01 1.158332192739424393e-01
-1.133330083373951525e-01 8.824818219838951316e-01 -1.158332192739422173e-01
-1.092644253199276105e-01 -1.830936799286381755e-01 -4.802947172981956170e-01
-1.092644253199267224e-01 -4.437069431254025975e-01 4.802947172981957835e-01
-1.023375061668919256e-01 -9.998948454141183273e-01 1.041475813781862769e-01
-1.023375061668918978e-01 8.951415708492345136e-01 -1.041475813781862630e-01
-9.671857362588892615e-02 2.822150520243543181e-01 4.835080818284343551e-01
-9.671857362588782980e-02 4.516358474344919216e-01 -4.835080818284344106e-01
-9.542687409671202214e-02 -2.069691328146150144e-01 -4.822402506725131932e-01
-9.542687409671186949e-02 -4.289751594229224141e-01 4.822402506725132487e-01
-9.113942790159490492e-02 -9.999266511297484339e-01 9.239896310924305967e-02
-9.113942790159426655e-02 9.071065692252016088e-01 -9.239896310924240741e-02
-8.107495015389445947e-02 -2.305002289858890385e-01 -4.838941625751529974e-01
-8.107495015389390436e-02 -4.144915863648088172e-01 4.838941625751530529e-01
-7.976122469404828275e-02 -9.992413445892109891e-01 8.059446911950336745e-02
-7.976122469404783866e-02 9.183684884705936025e-01 -8.059446911950292336e-02
-7.794732431815681872e-02 2.929644197955765250e-01 4.849426116060433500e-01
-7.794732431815645790e-02 4.329281745852517904e-01 -4.849426116060434055e-01
-6.822560124942397830e-02 -9.978332796839870511e-01 6.874123785065656966e-02
-6.822560124942374238e-02 9.289198762199217807e-01 -6.874123785065633374e-02
-6.622270902681674787e-02 -2.536651862326184670e-01 -4.852554528485746310e-01
-6.622270902681590132e-02 -4.002766382992797300e-01 4.852554528485746865e-01
-5.950895489973914709e-02 3.041482041438479667e-01 4.860838857338418140e-01
-5.950895489973812014e-02 4.136763401368164783e-01 -4.860838857338418695e-01
-5.655548384266897294e-02 -9.956976973792179830e-01 5.684643721691542279e-02
-5.655548384266810558e-02 9.387541653328224101e-01 -5.684643721691454155e-02
-5.088494591658345584e-02 -2.764427284339365243e-01 -4.863232982900854151e-01
-5.088494591658229704e-02 -3.863502382283471315e-01 4.863232982900854706e-01
-4.477398803308024755e-02 -9.928307331976947703e-01 4.491726027041791081e-02
-4.477398803307958142e-02 9.478656816514052785e-01 -4.491726027041723773e-02
-4.142367294151595714e-02 3.157516776265632541e-01 4.869312140578241910e-01
-4.142367294151495793e-02 3.938962913105089614e-01 -4.869312140578241910e-01
-3.507717637880160971e-02 -2.988121129567038459e-01 -4.870970531496493505e-01
-3.507717637880129746e-02 -3.727317906136421999e-01 4.870970531496493505e-01
-3.290438612039806726e-02 -9.892294235011657166e-01 3.296092085142744016e-02
-3.290438612039782440e-02 9.562496505551640880e-01 -3.296092085142720424e-02
-2.371114000220041554e-02 3.277594157844054279e-01 4.874840841795902713e-01
-2.371114000220006165e-02 3.736046887518941206e-01 -4.874840841795902713e-01
-2.097007438686183597e-02 -9.848917105602674749e-01 2.098464922596305834e-02
-2.097007438686181516e-02 9.639022023047002508e-01 -2.098464922596303406e-02
-1.881561602321790705e-02 -3.207531573274531866e-01 -4.875762495203869173e-01
-1.881561602321713336e-02 -3.594401549067765544e-01 4.875762495203869173e-01
-8.994540169959144502e-03 -9.798164464060167278e-01 8.995687713494463639e-03
-8.994540169958473164e-03 9.708203761671672094e-01 -8.995687713493792301e-03
-6.390445625499631063e-03 3.401553180721260117e-01 4.877421617662048292e-01
-6.390445625498671761e-03 3.528188854131019125e-01 -4.877421617662048847e-01
-2.117159251732418732e-03 -3.422462651414976409e-01 -4.877605976215288464e-01
-2.117159251731317617e-03 -3.464936198402670531e-01 4.877605976215288464e-01
2.998671189163099743e-03 -9.740033954574721653e-01 -2.998713692649745358e-03
2.998671189163555108e-03 9.770021233179955189e-01 2.998713692650201157e-03
1.051991787466684258e-02 3.529226297282276881e-01 4.877052907523756753e-01
1.051991787466717738e-02 3.315569044938058707e-01 -4.877052907523756753e-01
1.498598947649501176e-02 -9.674532359218235289e-01 -1.499130170951553861e-02
1.498598947649525115e-02 9.824463085151228237e-01 1.499130170951577801e-02
1.500064293638276453e-02 -3.632724511741573514e-01 -4.876499859736527220e-01
1.500064293638295188e-02 -3.339098785140059422e-01 4.876499859736527220e-01
2.694385276992468381e-02 -9.601675599648448189e-01 -2.697482415074595880e-02
2.694385276992556852e-02 9.871527105436130878e-01 2.697482415074685044e-02
2.700207980669389399e-02 3.660439645537940656e-01 4.873734934348300518e-01
2.700207980669480992e-02 3.098374164706128586e-01 -4.873734934348300518e-01
3.251960604199224253e-02 -3.838133656601876997e-01 -4.872444814660975010e-01
3.251960604199291560e-02 -3.217060043111797385e-01 4.872444814660975010e-01
3.884874059267626883e-02 -9.521488726513098744e-01 -3.894203431214052213e-02
3.884874059267692803e-02 9.911220214302298714e-01 3.894203431214118827e-02
4.303881463850731809e-02 3.795013285694894267e-01 4.867469704588311963e-01
4.303881463850763034e-02 2.876797152459079632e-01 -4.867469704588311963e-01
5.042093603503818716e-02 -4.038513177086237027e-01 -4.865443293165136462e-01
5.042093603503921412e-02 -3.098984276764059076e-01 4.865443293165136462e-01
5.067720701015297063e-02 -9.434005896566470817e-01 -5.088569535389961956e-02
5.067720701015321350e-02 9.943558444292016629e-01 5.088569535389985549e-02
5.861356464754514939e-02 3.932761445185283811e-01 4.858261006968436768e-01
5.861356464754599593e-02 2.651036934483446683e-01 -4.858261006968436213e-01
6.240591362498852657e-02 -9.339270337527798560e-01 -6.279858467690266344e-02
6.240591362498854044e-02 9.968566907820706202e-01 6.279858467690267732e-02
6.868525416239590342e-02 -4.233692978213908775e-01 -4.855499529225748567e-01
6.868525416239727732e-02 -2.985029137876776817e-01 4.855499529225747457e-01
7.371046165282553464e-02 4.073492771822883052e-01 4.846114410194207189e-01
7.371046165282636731e-02 2.421298169183750959e-01 -4.846114410194206634e-01
7.401166242525338002e-02 -9.237334300727563230e-01 -7.467349829037665809e-02
7.401166242525403227e-02 9.986279752562043921e-01 7.467349829037732423e-02
8.547142844095449721e-02 -9.128259001604431822e-01 -8.650325516830985328e-02
8.547142844095492742e-02 9.996740104681909322e-01 8.650325516831031125e-02
8.729262256102687800e-02 -4.423509994853010996e-01 -4.842619536059396546e-01
8.729262256102725270e-02 -2.875345411524954375e-01 4.842619536059396546e-01
8.831434779963606707e-02 4.217010594741026908e-01 4.831037259584523014e-01
8.831434779963635850e-02 2.187790984132795546e-01 -4.831037259584523014e-01
9.676239216423622447e-02 -9.012114548132023062e-01 -9.828070159197899169e-02
9.676239216423646039e-02 1.000000000000000000e+00 9.828070159197922762e-02
1.024107953687026507e-01 4.363113192757355763e-01 4.813038672629771364e-01
1.024107953687029143e-01 1.950730705672441556e-01 -4.813038672629770809e-01
1.062225706416799892e-01 -4.607808398082763879e-01 -4.826811102486192051e-01
1.062225706416808635e-01 -2.770076811572944608e-01 4.826811102486191496e-01
1.078619716890062419e-01 -8.888979857271103180e-01 -1.099987154759632241e-01
1.078619716890070745e-01 9.996120303174300670e-01 1.099987154759640845e-01
1.159861255830001298e-01 4.511594069800057283e-01 4.792129533478275416e-01
1.159861255830003934e-01 1.710337581430503573e-01 -4.792129533478274861e-01
1.187478545260945845e-01 -8.758942559559091956e-01 -1.216502106750284445e-01
1.187478545260951951e-01 9.985170615019847151e-01 1.216502106750290829e-01
1.254541222073786155e-01 -4.786439791719792614e-01 -4.808083788219695287e-01
1.254541222073798645e-01 -2.669359785979877331e-01 4.808083788219693622e-01
1.290274263867477733e-01 4.662242237020784996e-01 4.768322486354407141e-01
1.290274263867484950e-01 1.466836496128730016e-01 -4.768322486354405476e-01
1.293980290504951336e-01 -8.622098891964901091e-01 -1.332281412692781775e-01
1.293980290504953556e-01 9.967229168089398739e-01 1.332281412692784273e-01
1.397908155377383388e-01 -8.478553579153027542e-01 -1.447255058249781734e-01
1.397908155377383665e-01 9.942382710659563028e-01 1.447255058249782012e-01
1.415225691725204293e-01 4.814842501210190306e-01 4.741631927912342559e-01
1.415225691725211232e-01 1.220456681066461047e-01 -4.741631927912340894e-01
1.449658232698829152e-01 -4.959263398743186668e-01 -4.786448918085940418e-01
1.449658232698831373e-01 -2.573323332180941225e-01 4.786448918085939863e-01
1.499048967470069660e-01 -8.328419703316600753e-01 -1.561353516284813003e-01
1.499048967470074933e-01 9.910726379281634690e-01 1.561353516284819110e-01
1.534602244338504617e-01 4.969175759123529712e-01 4.712073998530080243e-01
1.534602244338506838e-01 9.714314176726009109e-02 -4.712073998530079688e-01
1.597193480092178042e-01 -8.171818562754661341e-01 -1.674507788906882122e-01
1.597193480092181650e-01 9.872363560071995003e-01 1.674507788906886563e-01
1.647357705264029804e-01 -5.126146237367165126e-01 -4.761919575175069252e-01
1.647357705264037853e-01 -2.482088822795610883e-01 4.761919575175068142e-01
1.648298763221453522e-01 5.125019297315567268e-01 4.679666572549000536e-01
1.648298763221459906e-01 7.199977355271772184e-02 -4.679666572548998316e-01
1.692136667789714277e-01 -8.008879519384151102e-01 -1.786649449195046591e-01
1.692136667789716220e-01 9.827405738932188939e-01 1.786649449195048533e-01
1.756218360882585428e-01 5.282147097076774767e-01 4.644429247464840205e-01
1.756218360882590979e-01 4.663961052607917823e-02 -4.644429247464838539e-01
1.783678016099989050e-01 -7.839739835392206535e-01 -1.897710682577700703e-01
1.783678016099995434e-01 9.775972340903817948e-01 1.897710682577709029e-01
1.847416404579398097e-01 -5.286963286524219985e-01 -4.734510592929683792e-01
1.847416404579409199e-01 -2.395769841899720032e-01 4.734510592929682127e-01
1.858272543905397922e-01 5.440330144055405270e-01 4.606383332076654513e-01
1.858272543905400143e-01 2.108701267475421651e-02 -4.606383332076653958e-01
1.871621805145199935e-01 -7.664544499249099641e-01 -2.007624327841572298e-01
1.871621805145202988e-01 9.718190558878226915e-01 2.007624327841576461e-01
1.954381324527611485e-01 5.599336742144005452e-01 4.565551833600918208e-01
1.954381324527613151e-01 -4.633378698658527362e-03 -4.565551833600917653e-01
1.955777386677650664e-01 -7.483446041316587083e-01 -2.116323917745599192e-01
1.955777386677652330e-01 9.654195171895284533e-01 2.116323917745601413e-01
2.035959454198066620e-01 -7.296604339300589714e-01 -2.223743719215170722e-01
2.035959454198066898e-01 9.584128353279830481e-01 2.223743719215171000e-01
2.044473320568753472e-01 5.758932831203037450e-01 4.521959443758526431e-01
2.044473320568758468e-01 -3.049667297123477214e-02 -4.521959443758524211e-01
2.049607190097438025e-01 -5.441597640535698055e-01 -4.704238546174734914e-01
2.049607190097453568e-01 -2.314472032083946806e-01 4.704238546174732694e-01
2.111988305777855734e-01 -7.104186413810968936e-01 -2.329818773092381390e-01
2.111988305777859898e-01 9.508139468878104017e-01 2.329818773092387219e-01
2.128485843571334135e-01 5.918882308188776475e-01 4.475632523843176558e-01
2.128485843571342184e-01 -5.647776253696370347e-02 -4.475632523843171562e-01
2.183690099226127945e-01 -6.906366214304527906e-01 -2.434484933418288588e-01
2.183690099226130443e-01 9.426384865669926727e-01 2.434484933418292751e-01
2.206364975037155007e-01 6.078947351248309428e-01 4.426599088780089897e-01
2.206364975037156395e-01 -8.255135544262102998e-02 -4.426599088780088787e-01
2.250897099252697209e-01 -6.703324395700510641e-01 -2.537678906223411190e-01
2.250897099252698319e-01 9.339027651045416212e-01 2.537678906223412856e-01
2.253699318136373753e-01 -5.589940652761916651e-01 -4.671121741094353408e-01
2.253699318136380136e-01 -2.238292952506543976e-01 4.671121741094352298e-01
2.278065630656326557e-01 6.238888746340151004e-01 4.374888790184781051e-01
2.278065630656330720e-01 -1.086920082780939434e-01 -4.374888790184778831e-01
2.313447916289172457e-01 -6.495248085970478646e-01 -2.639338287803005834e-01
2.313447916289177175e-01 9.246237463047839444e-01 2.639338287803013605e-01
2.343551612443081078e-01 6.398466215935828538e-01 4.320532898432036806e-01
2.343551612443084409e-01 -1.348741592766317665e-01 -4.320532898432033475e-01
2.371187736641618138e-01 -6.282330645016791504e-01 -2.739401602453990781e-01
2.371187736641620081e-01 9.148190231896330404e-01 2.739401602453994111e-01
2.402795648708720422e-01 6.557438749354465024e-01 4.263564283746029693e-01
2.402795648708721254e-01 -1.610721615802384044e-01 -4.263564283746028583e-01
2.423968543660036390e-01 -6.064771415165676194e-01 -2.837808339650665368e-01
2.423968543660037223e-01 9.045067933114063763e-01 2.837808339650667588e-01
2.455779421818788943e-01 6.715564934280571219e-01 4.204017396322974331e-01
2.455779421818790054e-01 -1.872603166251489148e-01 -4.204017396322973221e-01
2.459458749111669840e-01 -5.731892068038556554e-01 -4.635180204161701290e-01
2.459458749111679554e-01 -2.167321948133184573e-01 4.635180204161699069e-01
2.471649329622198354e-01 -5.842775463612290832e-01 -2.934498990636797977e-01
2.471649329622201685e-01 8.937058332598957211e-01 2.934498990636805194e-01
2.502493583698145452e-01 6.872603289013532457e-01 4.141928245498296968e-01
2.502493583698147117e-01 -2.134129076022259486e-01 -4.141928245498293637e-01
2.514096298041924027e-01 -5.616553317166177450e-01 -3.029415084411887782e-01
2.514096298041926247e-01 8.824354723984867421e-01 3.029415084411892778e-01
2.542937759064170522e-01 7.028312594995939078e-01 4.077334377970999180e-01
2.542937759064173853e-01 -2.395042329469488362e-01 -4.077334377970993073e-01
2.551183056125005955e-01 -5.386320689655862415e-01 -3.122499223089892917e-01
2.551183056125007065e-01 8.707155658651566377e-01 3.122499223089896803e-01
2.577120536385240634e-01 7.182452229167981539e-01 4.010274855098321933e-01
2.577120536385241190e-01 -2.655086398136823345e-01 -4.010274855098320823e-01
2.582790797109349445e-01 -5.152298202361424995e-01 -3.213695116609018299e-01
2.582790797109349445e-01 8.585664668752058803e-01 3.213695116609019964e-01
2.605059446578135152e-01 7.334782495694898152e-01 3.940790229274486189e-01
2.605059446578136262e-01 -2.914005574888975936e-01 -3.940790229274482859e-01
2.608808472239677045e-01 -4.914711097853271538e-01 -3.302947616771571004e-01
2.608808472239678711e-01 8.460089983634997424e-01 3.302947616771577666e-01
2.626780929474887838e-01 7.485064956615710141e-01 3.868922519407726468e-01
2.626780929474888393e-01 -3.171545306981009005e-01 -3.868922519407722027e-01
2.629132952141262081e-01 -4.673788947624342716e-01 -3.390202750593316328e-01
2.629132952141263191e-01 8.330644240049087657e-01 3.390202750593319103e-01
2.642320288106105308e-01 -3.427452527614037181e-01 -3.794715185510524336e-01
2.642320288106105308e-01 7.633062760962473492e-01 3.794715185510526001e-01
2.643669177371574253e-01 -4.429765353911422343e-01 -3.475407752942137329e-01
2.643669177371574253e-01 8.197544186524617915e-01 3.475407752942138995e-01
2.651721630864458112e-01 -3.681475985528163686e-01 -3.718213102418394533e-01
2.651721630864458112e-01 7.778540971901657386e-01 3.718213102418396199e-01
2.652330297943464310e-01 -4.182877646109014469e-01 -3.558511098446306420e-01
2.652330297943464865e-01 8.061010382335456192e-01 3.558511098446311971e-01
2.655037801628512550e-01 -3.933366572186786647e-01 -3.639462532653019444e-01
2.655037801628513106e-01 7.921266891451909098e-01 3.639462532653023885e-01
2.666648459359113321e-01 -5.867360143721648269e-01 -4.596435670028496956e-01
2.666648459359126644e-01 -2.101640030341506982e-01 4.596435670028494180e-01
2.875028757125913659e-01 -5.996261759178581618e-01 -4.554911568381594944e-01
2.875028757125915879e-01 -2.041319769052491462e-01 4.554911568381594389e-01
3.084357602301019408e-01 -6.118522513578593669e-01 -4.510633009774538960e-01
3.084357602301027734e-01 -1.986425196535070714e-01 4.510633009774537294e-01
3.294390929450746741e-01 -6.234076811852086175e-01 -4.463626770442629677e-01
3.294390929450758398e-01 -1.937011723014458175e-01 4.463626770442626901e-01
3.504882973720894190e-01 -6.342867938703934394e-01 -4.413921276110743253e-01
3.504882973720895301e-01 -1.893126064198612513e-01 4.413921276110742697e-01
3.715586599163008819e-01 -6.444848120582513662e-01 -4.361546584803673854e-01
3.715586599163014925e-01 -1.854806180820987860e-01 4.361546584803672189e-01
3.926253629039145876e-01 -6.539978575522477078e-01 -4.306534368669348023e-01
3.926253629039155313e-01 -1.822081230281373532e-01 4.306534368669345247e-01
4.136635177656350915e-01 -6.628229550795616820e-01 -4.248917894825986474e-01
4.136635177656364237e-01 -1.794971530450098496e-01 4.248917894825982589e-01
4.346481983280502392e-01 -6.709580348320999255e-01 -4.188732005244721335e-01
4.346481983280506833e-01 -1.773488535684337730e-01 4.188732005244719669e-01
4.555544741677258758e-01 -6.784019337801974192e-01 -4.126013095679895715e-01
4.555544741677266529e-01 -1.757634825088595087e-01 4.126013095679892939e-01
4.763574439827394369e-01 -6.851543957574590671e-01 -4.060799093659711034e-01
4.763574439827405471e-01 -1.747404103034743139e-01 4.060799093659708259e-01
4.970322689363044777e-01 -6.912160703168388487e-01 -3.993129435550615280e-01
4.970322689363045887e-01 -1.742781211940321040e-01 3.993129435550614725e-01
5.175542059272137951e-01 -6.965885103597441175e-01 -3.923045042709260577e-01
5.175542059272141282e-01 -1.743742157287049011e-01 3.923045042709258912e-01
5.378986407419291682e-01 -7.012741685416219450e-01 -3.850588296736417449e-01
5.378986407419300564e-01 -1.750254144844872739e-01 3.850588296736414118e-01
5.580411210432622005e-01 -7.052763924591299860e-01 -3.775803013847893186e-01
5.580411210432634217e-01 -1.762275630050189057e-01 3.775803013847887635e-01
5.779573891508610339e-01 -7.085994186256725502e-01 -3.698734418377869204e-01
5.779573891508613670e-01 -1.779756379470358307e-01 3.698734418377868094e-01
5.976234145689638400e-01 -7.112483652437144865e-01 -3.619429115430762844e-01
5.976234145689646171e-01 -1.802637544270128400e-01 3.619429115430760069e-01
6.170154262172544701e-01 -7.132292237839341631e-01 -3.537935062698041033e-01
6.170154262172553583e-01 -1.830851745579243905e-01 3.537935062698036592e-01
6.361099443210148641e-01 -7.145488493828849874e-01 -3.454301541457147628e-01
6.361099443210149751e-01 -1.864323171644294841e-01 3.454301541457147073e-01
6.548838119172665229e-01 -7.152149500724559461e-01 -3.368579126770030463e-01
6.548838119172671890e-01 -1.902967686631786837e-01 3.368579126770027687e-01
6.733142259341154956e-01 -7.152360748559988268e-01 -3.280819656899234271e-01
6.733142259341163838e-01 -1.946692950933568145e-01 3.280819656899230385e-01
6.913787678010500093e-01 -7.146216006475648586e-01 -3.191076201960166836e-01
6.913787678010511195e-01 -1.995398552810022375e-01 3.191076201960160730e-01
7.090554335486365378e-01 -7.133817180922346068e-01 -3.099403031828399380e-01
7.090554335486367599e-01 -2.048976151191035100e-01 3.099403031828397714e-01
7.263226633567003709e-01 -7.115274162870505181e-01 -3.005855583321485058e-01
7.263226633567009261e-01 -2.107309629439510501e-01 3.005855583321481728e-01
7.431593705108713310e-01 -7.090704664235506494e-01 -2.910490426675036990e-01
7.431593705108722192e-01 -2.170275259867253115e-01 2.910490426675030884e-01
7.595449697281313473e-01 -7.060234043743729426e-01 -2.813365231333456173e-01
7.595449697281314583e-01 -2.237741878778428117e-01 2.813365231333455618e-01
7.754594048128916617e-01 -7.023995122478353670e-01 -2.714538731075953337e-01
7.754594048128922168e-01 -2.309571071801410636e-01 2.714538731075950562e-01
7.908831756060360485e-01 -6.982127989357914677e-01 -2.614070688498874029e-01
7.908831756060368257e-01 -2.385617369255836062e-01 2.614070688498869033e-01
8.057973641902926865e-01 -6.934779796814422026e-01 -2.512021858875946867e-01
8.057973641902937967e-01 -2.465728451287991230e-01 2.512021858875939651e-01
8.201836603163520367e-01 -6.882104546951065549e-01 -2.408453953418197568e-01
8.201836603163522588e-01 -2.549745362494347245e-01 2.408453953418195626e-01
8.340243860151669297e-01 -6.824262868472532606e-01 -2.303429601955826189e-01
8.340243860151674848e-01 -2.637502735740119286e-01 2.303429601955822303e-01
8.473025193630160379e-01 -6.761421784693449899e-01 -2.197012315064503507e-01
8.473025193630168150e-01 -2.728829024867207576e-01 2.197012315064497123e-01
8.600017173670151394e-01 -6.693754472942642364e-01 -2.089266445659126448e-01
8.600017173670153614e-01 -2.823546745973716798e-01 2.089266445659125337e-01
8.721063379399978110e-01 -6.621440015692593439e-01 -1.980257150078194028e-01
8.721063379399982551e-01 -2.921472726935624986e-01 1.980257150078190698e-01
8.836014609349072124e-01 -6.544663143754614332e-01 -1.870050348682264496e-01
8.836014609349077675e-01 -3.022418364829875803e-01 1.870050348682259223e-01
8.944729082101070539e-01 -6.463613971891223331e-01 -1.758712685990470315e-01
8.944729082101076090e-01 -3.126189890907432045e-01 1.758712685990462266e-01
9.047072626983585497e-01 -6.378487727207328151e-01 -1.646311490379067100e-01
9.047072626983587718e-01 -3.232588642754509745e-01 1.646311490379065157e-01
9.142918864535453105e-01 -6.289484470691781848e-01 -1.532914733366493587e-01
9.142918864535456436e-01 -3.341411343270426215e-01 1.532914733366489146e-01
9.232149376506323391e-01 -6.196808812289994473e-01 -1.418590988509423334e-01
9.232149376506328942e-01 -3.452450386081177824e-01 1.418590988509416395e-01
9.314653865157498380e-01 -6.100669619897309826e-01 -1.303409389934823415e-01
9.314653865157499490e-01 -3.565494126999105284e-01 1.303409389934822582e-01
9.390330301647596967e-01 -6.001279722670919137e-01 -1.187439590533028166e-01
9.390330301647600297e-01 -3.680327181130728653e-01 1.187439590533024697e-01
9.459085063301486684e-01 -5.898855609065817296e-01 -1.070751719837024635e-01
9.459085063301491125e-01 -3.796730725227153158e-01 1.070751719837018806e-01
9.520833059575818380e-01 -5.793617120007613641e-01 -9.534163416135914282e-02
9.520833059575821711e-01 -3.914482804864274357e-01 9.534163416135831015e-02
9.575497846550110603e-01 -5.685787137621405307e-01 -8.355044111917897531e-02
9.575497846550112824e-01 -4.033358646033410322e-01 8.355044111917875327e-02
9.623011729787750435e-01 -5.575591269942148376e-01 -7.170872325547240911e-02
9.623011729787751545e-01 -4.153130970717002768e-01 7.170872325547192339e-02
9.663315855427165868e-01 -5.463257532037170128e-01 -5.982364152203758362e-02
9.663315855427168088e-01 -4.273570316018523996e-01 5.982364152203685503e-02
9.696360289379369890e-01 -5.349016023976640444e-01 -4.790238309377511244e-02
9.696360289379371000e-01 -4.394445356410935366e-01 4.790238309377500836e-02
9.722104084524251233e-01 -5.233098606091824978e-01 -3.595215702244516226e-02
9.722104084524252343e-01 -4.515523228663716471e-01 3.595215702244480144e-02
9.740515335814335929e-01 -5.115738571964665304e-01 -2.398018987718733910e-02
9.740515335814335929e-01 -4.636569859004867067e-01 2.398018987718672848e-02
9.751571223211100703e-01 -4.997170319595478083e-01 -1.199372137445604662e-02
9.751571223211101813e-01 -4.757350292071197417e-01 1.199372137445519140e-02
9.755258042395522633e-01 -4.877629021197763537e-01 0.000000000000000000e+00
9.755258042395522633e-01 -4.877629021197761316e-01 0.000000000000000000e+00
