-9.997140072422245893e-01 -3.930801459154080468e-03 2.358924593076860629e-02
-9.997140072422245893e-01 3.930801459153880975e-03 -2.358924593076652462e-02
-9.974271497909743545e-01 -1.176591418814559344e-02 7.071523261059342591e-02
-9.974271497909742434e-01 1.176591418814583803e-02 -7.071523261059489696e-02
-9.928592161986795617e-01 -1.952165913903065528e-02 1.176838206118542979e-01
-9.928592161986794506e-01 1.952165913903089467e-02 -1.176838206118557550e-01
-9.860217533441543170e-01 -2.714546674630867809e-02 1.643904667772580763e-01
-9.860217533441539839e-01 2.714546674630891054e-02 -1.643904667772595196e-01
-9.769320422365740386e-01 -3.458527966362480444e-02 2.107312109822975232e-01
-9.769320422365737056e-01 3.458527966362502648e-02 -2.107312109822989665e-01
-9.656130509703444442e-01 4.178975523397108344e-02 -2.566029075307368901e-01
-9.656130509703438891e-01 -4.178975523397125691e-02 2.566029075307388885e-01
-9.520933722073930960e-01 -4.870846555167453878e-02 3.019034547373641852e-01
-9.520933722073926520e-01 4.870846555167474695e-02 -3.019034547373656285e-01
-9.364071453653782795e-01 -5.529209444128097006e-02 3.465320221869256367e-01
-9.364071453653777244e-01 5.529209444128116435e-02 -3.465320221869270245e-01
-9.185939637338998986e-01 -6.149263068826626988e-02 3.903892751634950864e-01
-9.185939637338993435e-01 6.149263068826646417e-02 -3.903892751634964742e-01
-8.986987667838194360e-01 -6.726355686845220117e-02 4.333775957506877385e-01
-8.986987667838188809e-01 6.726355686845238158e-02 -4.333775957506890708e-01
-8.767717179769815017e-01 7.256003313702458213e-02 -4.754013001105973912e-01
-8.767717179769805025e-01 -7.256003313702467927e-02 4.754013001105992231e-01
-8.697509275951752494e-01 -4.878141872208853758e-01 7.463673822829648696e-02
-8.697509275951752494e-01 4.878141872208851537e-01 -7.463673822829768045e-02
-8.695041174049545907e-01 4.787265122182362553e-01 -1.215874842045586990e-01
-8.695041174049542576e-01 -4.787265122182358668e-01 1.215874842045628068e-01
-8.679810292169775066e-01 -4.958342363605496850e-01 2.751986504667294081e-02
-8.679810292169772845e-01 4.958342363605499070e-01 -2.751986504667324612e-02
-8.672247462586218925e-01 4.686227207730083166e-01 -1.682675995311402051e-01
-8.672247462586215594e-01 -4.686227207730075950e-01 1.682675995311433970e-01
-8.642154285808435477e-01 -5.027377504553656173e-01 -1.965826212836517886e-02
-8.642154285808434366e-01 5.027377504553656173e-01 1.965826212836664644e-02
-8.629021893742552241e-01 4.575567294357528736e-01 -2.145731831361367414e-01
-8.629021893742550020e-01 -4.575567294357527626e-01 2.145731831361381570e-01
-8.584801981008207683e-01 -5.084786067733484405e-01 -6.679263374512145468e-02
-8.584801981008203242e-01 5.084786067733487736e-01 6.679263374512425799e-02
-8.565311088595609634e-01 -4.455846625240025838e-01 2.604011675841370610e-01
-8.565311088595609634e-01 4.455846625240029169e-01 -2.604011675841365059e-01
-8.528680684249216881e-01 7.733907535412107292e-02 -5.163668514578687585e-01
-8.528680684249206889e-01 -7.733907535412117007e-02 5.163668514578705349e-01
-8.508063746424723295e-01 -5.130136477237459136e-01 -1.137783376434610139e-01
-8.508063746424717744e-01 5.130136477237458026e-01 1.137783376434651217e-01
-8.481114983751308900e-01 -4.327646471639729486e-01 3.056495484847511768e-01
-8.481114983751307790e-01 4.327646471639726156e-01 -3.056495484847523425e-01
-8.412298443809860249e-01 5.163028514268532820e-01 1.605107925693561588e-01
-8.412298443809855808e-01 -5.163028514268532820e-01 -1.605107925693582127e-01
-8.376487129977511215e-01 4.191566034120411954e-01 -3.502176115350170149e-01
-8.376487129977497892e-01 -4.191566034120402517e-01 3.502176115350212893e-01
-8.297912145508952175e-01 -5.183094935840019124e-01 -2.068859809529048632e-01
-8.297912145508951065e-01 5.183094935840021344e-01 2.068859809529045857e-01
-8.270480067854801831e-01 -8.155972694201014950e-02 5.561830682547869165e-01
-8.270480067854794060e-01 8.155972694201027440e-02 -5.561830682547881377e-01
-8.251534841471573900e-01 4.048220301440231261e-01 -3.940061566903219070e-01
-8.251534841471563908e-01 -4.048220301440221269e-01 3.940061566903248491e-01
-8.165356725061363452e-01 -5.190003000945524470e-01 -2.528006804316713652e-01
-8.165356725061361232e-01 5.190003000945522249e-01 2.528006804316728084e-01
-8.106419194828899943e-01 3.898237874112595591e-01 -4.369177189648375537e-01
-8.106419194828893282e-01 -3.898237874112592261e-01 4.369177189648393300e-01
-8.015128325450994184e-01 -5.183455898936178974e-01 -2.981526936040802545e-01
-8.015128325450985303e-01 5.183455898936178974e-01 2.981526936040829190e-01
-7.993764958252831399e-01 -8.518322388887183960e-02 5.947613271640896926e-01
-7.993764958252822517e-01 8.518322388887193675e-02 -5.947613271640909138e-01
-7.941354877214324981e-01 3.742258759712722704e-01 -4.788567853700900212e-01
-7.941354877214323871e-01 -3.742258759712718819e-01 4.788567853700905208e-01
-7.847765709898828490e-01 -5.163194075128252347e-01 -3.428410755014141276e-01
-7.847765709898818498e-01 5.163194075128245686e-01 3.428410755014175693e-01
-7.756609883677022532e-01 -3.580932147073130345e-01 5.197300075087269988e-01
-7.756609883677019202e-01 3.580932147073127569e-01 -5.197300075087276650e-01
-7.699230961140445251e-01 -8.817315233605026170e-02 6.320157603076741459e-01
-7.699230961140436369e-01 8.817315233605034497e-02 -6.320157603076752562e-01
-7.663848500419528920e-01 5.128996448966182120e-01 3.867663582721439508e-01
-7.663848500419520038e-01 -5.128996448966179900e-01 -3.867663582721458937e-01
-7.552505063988241840e-01 3.414914166554602892e-01 -5.594464093503206392e-01
-7.552505063988218525e-01 -3.414914166554591235e-01 5.594464093503244140e-01
-7.463995309677992074e-01 5.080681520383163452e-01 4.298307725784878963e-01
-7.463995309677990964e-01 -5.080681520383160121e-01 -4.298307725784881739e-01
-7.387617773530851251e-01 9.049559820931664389e-02 -6.678634463921861997e-01
-7.387617773530836818e-01 -9.049559820931660226e-02 6.678634463921878650e-01
-7.329413519820159317e-01 -3.244865643599496030e-01 5.979175897267540174e-01
-7.329413519820138223e-01 3.244865643599484373e-01 -5.979175897267571260e-01
-7.248861771978915014e-01 -5.018108360332784734e-01 -4.719384652123719825e-01
-7.248861771978909463e-01 5.018108360332779183e-01 4.719384652123732593e-01
-7.087759853521846676e-01 3.071449852773131539e-01 -6.350579190963914211e-01
-7.087759853521835574e-01 -3.071449852773126543e-01 6.350579190963929754e-01
-7.059707178755234569e-01 9.211928838006937237e-02 -7.022245952760894916e-01
-7.059707178755220136e-01 -9.211928838006933074e-02 7.022245952760910459e-01
-7.019138479500744987e-01 -4.941177481809810312e-01 -5.129957124464846752e-01
-7.019138479500732775e-01 4.941177481809805871e-01 5.129957124464866736e-01
-6.828019270181271416e-01 2.895330279473862789e-01 -6.707847301392230177e-01
-6.828019270181269196e-01 -2.895330279473858348e-01 6.707847301392234618e-01
-6.775548830146227441e-01 -4.849831588034946850e-01 -5.529111286454859719e-01
-6.775548830146210788e-01 4.849831588034935193e-01 5.529111286454890806e-01
-6.716320928891291731e-01 -9.301572286945332391e-02 7.350227255673399407e-01
-6.716320928891281739e-01 9.301572286945335166e-02 -7.350227255673409399e-01
-6.550716535094278647e-01 -2.717168396446928980e-01 7.050185017585881564e-01
-6.550716535094274207e-01 2.717168396446926204e-01 -7.050185017585887115e-01
-6.518846793621873026e-01 -4.744056194846441032e-01 -5.915958696730813093e-01
-6.518846793621845270e-01 4.744056194846427155e-01 5.915958696730853061e-01
-6.358318520644902216e-01 -9.315929763698199695e-02 7.661848348564622713e-01
-6.358318520644891114e-01 9.315929763698199695e-02 -7.661848348564632705e-01
-6.256424789184218405e-01 2.537621462167614639e-01 -7.376830360800464836e-01
-6.256424789184185098e-01 -2.537621462167599651e-01 7.376830360800498143e-01
-6.249814602579489842e-01 4.623880124719269569e-01 6.289638306421942993e-01
-6.249814602579485401e-01 -4.623880124719264018e-01 -6.289638306421951874e-01
-5.986594871013267705e-01 -9.252741752534787700e-02 7.956415622060390991e-01
-5.986594871013255492e-01 9.252741752534786313e-02 -7.956415622060399873e-01
-5.969260375852470935e-01 -4.489375870219489140e-01 -6.649318375680970394e-01
-5.969260375852468714e-01 4.489375870219486364e-01 6.649318375680974835e-01
-5.945764225334758679e-01 -2.357340348068955593e-01 7.687056280533888231e-01
-5.945764225334730924e-01 2.357340348068942826e-01 -7.687056280533913766e-01
-5.678015680997940962e-01 -4.340659825096016555e-01 -6.994198324978989634e-01
-5.678015680997926529e-01 4.340659825096007673e-01 6.994198324979007397e-01
-5.619400629008501902e-01 2.176967401477323261e-01 -7.980172272802381617e-01
-5.619400629008484138e-01 -2.176967401477315767e-01 7.980172272802396050e-01
-5.602077899338514522e-01 -9.110059896457714523e-02 8.233273425349877384e-01
-5.602077899338503419e-01 9.110059896457708972e-02 -8.233273425349885155e-01
-5.376933043512203136e-01 -4.177892381612926531e-01 -7.323510517043535506e-01
-5.376933043512182042e-01 4.177892381612910433e-01 7.323510517043559931e-01
-5.278043786922901326e-01 1.997134350984827722e-01 -8.255525917071605546e-01
-5.278043786922893554e-01 -1.997134350984822448e-01 8.255525917071611097e-01
-5.205726022623605731e-01 8.886256207144604957e-02 -8.491805525539857236e-01
-5.205726022623586857e-01 -8.886256207144585528e-02 8.491805525539868338e-01
-5.189638432667960100e-01 -8.129436136730681106e-01 -2.641954018712853181e-01
-5.189638432667957879e-01 8.129436136730681106e-01 2.641954018712856511e-01
-5.186067766809867585e-01 -8.266458009293494724e-01 -2.184118380180693209e-01
-5.186067766809867585e-01 8.266458009293490283e-01 2.184118380180713748e-01
-5.179685500538172560e-01 7.974872047092894656e-01 3.093909169321394925e-01
-5.179685500538168119e-01 -7.974872047092892435e-01 -3.093909169321408803e-01
-5.169261119777658342e-01 -8.385430707649013105e-01 -1.721421308910751902e-01
-5.169261119777657232e-01 8.385430707649016435e-01 1.721421308910737469e-01
-5.155958924361343509e-01 7.803314887699770441e-01 3.538977865669936662e-01
-5.155958924361341289e-01 -7.803314887699766000e-01 -3.538977865669950540e-01
-5.139542379967052543e-01 -8.485891142620844985e-01 -1.254892680714843889e-01
-5.139542379967052543e-01 8.485891142620848315e-01 1.254892680714829456e-01
-5.118247419441156465e-01 -7.615354207408995268e-01 -3.976169469361443554e-01
-5.118247419441154245e-01 7.615354207408987497e-01 3.976169469361462427e-01
-5.097270304215867354e-01 8.567421654574244316e-01 7.855708997228515178e-02
-5.097270304215865133e-01 -8.567421654574244316e-01 -7.855708997228660895e-02
-5.066883410221307837e-01 -4.001277893132094143e-01 -7.636521965473318518e-01
-5.066883410221276751e-01 4.001277893132072494e-01 7.636521965473350715e-01
-5.066379540211737309e-01 7.411618062698056564e-01 4.404510874911288232e-01
-5.066379540211729537e-01 -7.411618062698035470e-01 -4.404510874911333196e-01
-5.042837015599754835e-01 -8.629651453843047992e-01 -3.145005870924737212e-02
-5.042837015599753725e-01 8.629651453843049103e-01 3.145005870924768437e-02
-5.000224641223026678e-01 -7.192771024381434675e-01 -4.823048675695167375e-01
-5.000224641223023347e-01 7.192771024381433564e-01 4.823048675695170151e-01
-4.976666407356404309e-01 8.672257935363485437e-01 -1.572697441193207299e-02
-4.976666407356402089e-01 -8.672257935363485437e-01 1.572697441193415466e-02
-4.922445767947701833e-01 -1.818460260834448561e-01 8.512504328420612554e-01
-4.922445767947699613e-01 1.818460260834447173e-01 -8.512504328420614774e-01
-4.919693717750066586e-01 6.959512091141628609e-01 5.230851286051249049e-01
-4.919693717750061035e-01 -6.959512091141623058e-01 -5.230851286051261262e-01
-4.899212458404341719e-01 -8.694967863236408023e-01 6.286900227471280134e-02
-4.899212458404338943e-01 8.694967863236408023e-01 -6.286900227471425850e-02
-4.824740122792154917e-01 6.712572516308010773e-01 5.627011014812914880e-01
-4.824740122792151586e-01 -6.712572516308003001e-01 -5.627011014812927092e-01
-4.810957466178016340e-01 -8.697558421309178334e-01 1.098710956776079994e-01
-4.810957466178013009e-01 8.697558421309177223e-01 -1.098710956776094566e-01
-4.798525571224902531e-01 8.580031181403240115e-02 -8.731436479272022266e-01
-4.798525571224884212e-01 -8.580031181403219298e-02 8.731436479272032258e-01
-4.748753574459859683e-01 3.811064501366153157e-01 7.932535966226781365e-01
-4.748753574459853577e-01 -3.811064501366146495e-01 -7.932535966226788027e-01
-4.715360157598159074e-01 -6.452713554553102249e-01 -6.010646085656892179e-01
-4.715360157598154078e-01 6.452713554553091146e-01 6.010646085656908832e-01
-4.712410202738428477e-01 8.679858126250049599e-01 -1.566286368866739442e-01
-4.712410202738427922e-01 -8.679858126250051820e-01 1.566286368866725009e-01
-4.604104000336920466e-01 -8.641747599981037808e-01 2.030375524946936294e-01
-4.604104000336918245e-01 8.641747599981038919e-01 -2.030375524946933241e-01
-4.591593533234725744e-01 6.180724135391074681e-01 6.380902599769979755e-01
-4.591593533234710756e-01 -6.180724135391046925e-01 -6.380902599770018613e-01
-4.553399080764300444e-01 1.641549540718272304e-01 -8.750535521707368813e-01
-4.553399080764255480e-01 -1.641549540718254541e-01 8.750535521707395459e-01
-4.486594772808392695e-01 8.583160198738251090e-01 -2.489945450688421102e-01
-4.486594772808388254e-01 -8.583160198738246649e-01 2.489945450688441364e-01
-4.453523701103004329e-01 -5.897418470558029036e-01 -6.736956436465564302e-01
-4.453523701103001553e-01 5.897418470558029036e-01 6.736956436465565412e-01
-4.423443570739861719e-01 -3.607543828135232333e-01 -8.210893648352995955e-01
-4.423443570739859498e-01 3.607543828135229003e-01 8.210893648352999286e-01
-4.381488132256699530e-01 -8.190420794628974765e-02 8.951632913550621184e-01
-4.381488132256686208e-01 8.190420794628960888e-02 -8.951632913550627846e-01
-4.360458979349098319e-01 -8.504082496440651395e-01 2.943973230711440792e-01
-4.360458979349094433e-01 8.504082496440649175e-01 -2.943973230711455225e-01
-4.301278050705654166e-01 5.603633602526103541e-01 7.078015087519811122e-01
-4.301278050705646949e-01 -5.603633602526095769e-01 -7.078015087519822224e-01
-4.226291537391693165e-01 -8.404554620467890036e-01 3.391448285400088802e-01
-4.226291537391679287e-01 8.404554620467876713e-01 -3.391448285400135987e-01
-4.171734713194482080e-01 -1.466990017195424212e-01 8.969089684699173004e-01
-4.171734713194453770e-01 1.466990017195413110e-01 -8.969089684699188547e-01
-4.135027973368661791e-01 5.300226901554687675e-01 7.403319421144453072e-01
-4.135027973368656240e-01 -5.300226901554678793e-01 -7.403319421144464174e-01
-4.091864046676833011e-01 -3.391050531875787755e-01 -8.470975440513236476e-01
-4.091864046676816358e-01 3.391050531875776097e-01 8.470975440513249799e-01
-4.084703691427108430e-01 -8.284670438373736845e-01 3.831374620260731834e-01
-4.084703691427107319e-01 8.284670438373730184e-01 -3.831374620260745156e-01
-3.955647828243298303e-01 -7.716802345353764025e-02 9.151904712929517238e-01
-3.955647828243284425e-01 7.716802345353747372e-02 -9.151904712929522789e-01
-3.954988791029795947e-01 -4.988073518810480222e-01 -7.712145371669955063e-01
-3.954988791029787620e-01 4.988073518810466345e-01 7.712145371669968386e-01
-3.936320844737942748e-01 -8.144577594493100925e-01 4.262773042816441205e-01
-3.936320844737941638e-01 8.144577594493104256e-01 -4.262773042816438429e-01
-3.781780361101023114e-01 7.984477395835477553e-01 -4.684683342103596604e-01
-3.781780361101017562e-01 -7.984477395835469782e-01 4.684683342103614923e-01
-3.778320058458591313e-01 1.295351072723344432e-01 -9.167680357333797270e-01
-3.778320058458569108e-01 -1.295351072723336106e-01 9.167680357333808372e-01
-3.761419549616920044e-01 4.668063803193743810e-01 8.003805551178264643e-01
-3.761419549616898395e-01 -4.668063803193710504e-01 -8.003805551178294619e-01
-3.754933619982253612e-01 -3.161961729564832790e-01 -8.712202450029173928e-01
-3.754933619982232518e-01 3.161961729564814472e-01 8.712202450029189471e-01
-3.621729343588312444e-01 -7.804624547095498910e-01 5.096166425919167464e-01
-3.621729343588308003e-01 7.804624547095493359e-01 -5.096166425919180787e-01
-3.554622676953295701e-01 -4.341100689591332884e-01 -8.277650779497709443e-01
-3.554622676953292926e-01 4.341100689591331774e-01 8.277650779497711664e-01
-3.522058538732524280e-01 -7.158899128661594391e-02 9.331806110416022149e-01
-3.522058538732510957e-01 7.158899128661574962e-02 -9.331806110416026590e-01
-3.456822397643715128e-01 -7.605326735050420561e-01 5.496306411061528951e-01
-3.456822397643704026e-01 7.605326735050406128e-01 -5.496306411061556707e-01
-3.413576228350357900e-01 -2.920696285137421855e-01 -8.934037751387992055e-01
-3.413576228350322372e-01 2.920696285137394099e-01 8.934037751388015369e-01
-3.374056733957845888e-01 1.127181858063284053e-01 -9.345865514487500247e-01
-3.374056733957838117e-01 -1.127181858063279474e-01 9.345865514487504688e-01
-3.334943505541803077e-01 4.008097066336087644e-01 8.533071529154820922e-01
-3.334943505541793640e-01 -4.008097066336078762e-01 -8.533071529154828694e-01
-3.287719385639877867e-01 -7.386944063053039189e-01 5.884212661912654463e-01
-3.287719385639873981e-01 7.386944063053031417e-01 -5.884212661912666675e-01
-3.115083180122983353e-01 -7.149888336766775376e-01 6.259021772823714080e-01
-3.115083180122976136e-01 7.149888336766768715e-01 -6.259021772823725183e-01
-3.102769660995370327e-01 3.669973129688833269e-01 8.769499282066715029e-01
-3.102769660995362555e-01 -3.669973129688822167e-01 -8.769499282066721690e-01
-3.081791072739190618e-01 6.516783920004007302e-02 -9.490936679663646292e-01
-3.081791072739171189e-01 -6.516783920003972608e-02 9.490936679663652953e-01
-3.068718480062105347e-01 2.667713965886855942e-01 9.135987581336653118e-01
-3.068718480062097576e-01 -2.667713965886848171e-01 -9.135987581336657559e-01
-2.959878298500303595e-01 -9.630095835730091702e-02 9.503248549838811954e-01
-2.959878298500300819e-01 9.630095835730080600e-02 -9.503248549838813064e-01
-2.939577422934586681e-01 6.894622202724273174e-01 -6.619899489892180355e-01
-2.939577422934580020e-01 -6.894622202724262072e-01 6.619899489892195898e-01
-2.858530317294442069e-01 -3.327653733171771488e-01 -8.986407794954361927e-01
-2.858530317294430412e-01 3.327653733171755945e-01 8.986407794954370809e-01
-2.761864297359041265e-01 -6.621658141722429614e-01 6.966042567852605005e-01
-2.761864297359036269e-01 6.621658141722420732e-01 -6.966042567852614997e-01
-2.721287013101301167e-01 -2.403514468745894805e-01 -9.317602437905114776e-01
-2.721287013101297281e-01 2.403514468745890642e-01 9.317602437905116997e-01
-2.635930300020524197e-01 5.790881254773385528e-02 -9.628942226245043035e-01
-2.635930300020504213e-01 -5.790881254773348058e-02 9.628942226245048586e-01
-2.602695320463579987e-01 -2.982065739571275742e-01 -9.183314270660249967e-01
-2.602695320463579431e-01 2.982065739571273522e-01 9.183314270660251077e-01
-2.582602320381460204e-01 6.331557319492905345e-01 -7.296680557947984314e-01
-2.582602320381447436e-01 -6.331557319492880920e-01 7.296680557948010959e-01
-2.536747874191087604e-01 8.033378946322705660e-02 -9.639479158638956102e-01
-2.536747874191037644e-01 -8.033378946322539127e-02 9.639479158638970535e-01
-2.402444162056226185e-01 -6.024928297506495500e-01 7.611077522802368600e-01
-2.402444162056221466e-01 6.024928297506484398e-01 -7.611077522802378592e-01
-2.372205870526197802e-01 -2.128636318750897205e-01 -9.478478080912340342e-01
-2.372205870526186700e-01 2.128636318750888601e-01 9.478478080912344783e-01
-2.335774182667040288e-01 -2.634135383394571317e-01 -9.359780432763091795e-01
-2.335774182667037235e-01 2.634135383394569652e-01 9.359780432763092906e-01
-2.222034498878987796e-01 -5.702425607181761391e-01 7.908533674477798980e-01
-2.222034498878981135e-01 5.702425607181752509e-01 -7.908533674477807862e-01
-2.185572249293674107e-01 -4.981968492862996062e-02 9.745515576021547277e-01
-2.185572249293659952e-01 4.981968492862969694e-02 -9.745515576021550608e-01
-2.105655679495841426e-01 -6.486453361650283689e-02 9.754254117423754034e-01
-2.105655679495813948e-01 6.486453361650194871e-02 -9.754254117423760695e-01
-2.058314949124920579e-01 2.284785651506699156e-01 9.515413501097994553e-01
-2.058314949124911697e-01 -2.284785651506688331e-01 -9.515413501097998994e-01
-2.042007907927192722e-01 5.364748191171773151e-01 -8.188386932069221524e-01
-2.042007907927185784e-01 -5.364748191171757608e-01 8.188386932069233737e-01
-2.022393899765381198e-01 -1.843655642388534188e-01 -9.618256431728190448e-01
-2.022393899765358438e-01 1.843655642388513094e-01 9.618256431728199329e-01
-1.862986808384728965e-01 -5.012637715794725501e-01 8.450014395370976095e-01
-1.862986808384723691e-01 5.012637715794714399e-01 -8.450014395370983866e-01
-1.770902940648463320e-01 1.934933689594990625e-01 9.649867066010440197e-01
-1.770902940648453883e-01 -1.934933689594979245e-01 -9.649867066010444638e-01
-1.731821181591247649e-01 -4.091175661355385407e-02 9.840397258854504114e-01
-1.731821181591233494e-01 4.091175661355356957e-02 -9.840397258854506335e-01
-1.685579456897086104e-01 4.646876759056892681e-01 -8.692833731334301817e-01
-1.685579456897078887e-01 -4.646876759056876027e-01 8.692833731334311809e-01
-1.672762183409571002e-01 -1.549184818915528006e-01 -9.736626370288453680e-01
-1.672762183409534364e-01 1.549184818915495809e-01 9.736626370288464782e-01
-1.667616480254850708e-01 4.993839109253774000e-02 -9.847317958931319781e-01
-1.667616480254826561e-01 -4.993839109253699754e-02 9.847317958931324222e-01
-1.510378003013979065e-01 -4.268286879084727259e-01 8.916304470230066448e-01
-1.510378003013974624e-01 4.268286879084715046e-01 -8.916304470230073109e-01
-1.474159374980861803e-01 1.585488242004317871e-01 9.762841859398424527e-01
-1.474159374980852644e-01 -1.585488242004307047e-01 -9.762841859398427857e-01
-1.337956610767547239e-01 -3.877726568138354368e-01 9.119929208631905038e-01
-1.337956610767541132e-01 3.877726568138342156e-01 -9.119929208631910589e-01
-1.324211508951126381e-01 1.245871013123950599e-01 9.833324427589017480e-01
-1.324211508951111393e-01 -1.245871013123936444e-01 -9.833324427589021921e-01
-1.275786647012632780e-01 -3.119984072419252144e-02 9.913376086136486132e-01
-1.275786647012618624e-01 3.119984072419220572e-02 -9.913376086136488352e-01
-1.223666965670942436e-01 3.559777359016502024e-02 -9.918463540723835292e-01
-1.223666965670928419e-01 -3.559777359016454840e-02 9.918463540723837513e-01
-1.168869652207717713e-01 3.476089097720941323e-01 -9.303254716541594638e-01
-1.168869652207710913e-01 -3.476089097720923560e-01 9.303254716541602409e-01
-1.168739870510414336e-01 -1.237347132361701213e-01 -9.854086420826416726e-01
-1.168739870510412671e-01 1.237347132361698854e-01 9.854086420826416726e-01
-1.003649978470484705e-01 -3.064300260621646288e-01 9.465872946193093496e-01
-1.003649978470479570e-01 3.064300260621632965e-01 -9.465872946193097937e-01
-9.776298847811526471e-02 9.343945933972318263e-02 9.908135372117844453e-01
-9.776298847811501491e-02 -9.343945933972300222e-02 -9.908135372117844453e-01
-9.312313203149176488e-02 -6.628156221033935092e-01 7.429694027188042948e-01
-9.312313203149170937e-02 6.628156221033932871e-01 -7.429694027188045169e-01
-9.307484150371876652e-02 6.266638272804665455e-01 -7.737115234098915773e-01
-9.307484150371875264e-02 -6.266638272804654353e-01 7.737115234098925765e-01
-9.241262777547494534e-02 6.975278512381021256e-01 -7.105735732313633868e-01
-9.241262777547479268e-02 -6.975278512380984619e-01 7.105735732313668285e-01
-9.224592971144997267e-02 5.891628065466592012e-01 -8.027315091820764748e-01
-9.224592971144966735e-02 -5.891628065466579800e-01 8.027315091820773629e-01
-9.096819075044464131e-02 -7.307136573388831602e-01 6.765961419118675657e-01
-9.096819075044443315e-02 7.307136573388829381e-01 -6.765961419118677878e-01
-9.061770579384501034e-02 -5.504061380824841754e-01 8.299647670580875269e-01
-9.061770579384481605e-02 5.504061380824838423e-01 -8.299647670580877490e-01
-8.881760808465645474e-02 7.622899003286526254e-01 -6.411127360699155897e-01
-8.881760808465620494e-02 -7.622899003286517372e-01 6.411127360699166999e-01
-8.817470390523177159e-02 5.104903859450368175e-01 -8.553506809776397768e-01
-8.817470390523128587e-02 -5.104903859450325987e-01 8.553506809776423303e-01
-8.599147165322541808e-02 -7.921773823766500300e-01 6.042023350284170258e-01
-8.599147165322532094e-02 7.921773823766508071e-01 -6.042023350284159156e-01
-8.553328362927054007e-02 -8.913947922613220387e-02 -9.923397657228539837e-01
-8.553328362927029027e-02 8.913947922613199570e-02 9.923397657228539837e-01
-8.490476159843372839e-02 -4.695148397604319013e-01 8.788327467172858398e-01
-8.490476159843367288e-02 4.695148397604316792e-01 -8.788327467172859508e-01
-8.428072736935401932e-02 2.643316016040561101e-01 -9.607421940289325724e-01
-8.428072736935336706e-02 -2.643316016040542227e-01 9.607421940289332385e-01
-8.252304818605937786e-02 -8.203010623770016219e-01 5.659470943305953128e-01
-8.252304818605935011e-02 8.203010623770015108e-01 -5.659470943305955348e-01
-8.185805331653797645e-02 -2.070223717445330083e-02 9.964289620857070817e-01
-8.185805331653656092e-02 2.070223717445296430e-02 -9.964289620857071927e-01
-8.079908690994491716e-02 4.275812473741151254e-01 -9.003586976580583157e-01
-8.079908690994458409e-02 -4.275812473741121833e-01 9.003586976580597590e-01
-7.844814030135904837e-02 -8.465902593176506397e-01 5.264321628773562800e-01
-7.844814030135889571e-02 8.465902593176533042e-01 -5.264321628773520612e-01
-7.748630565267694559e-02 -2.188218008699907915e-02 9.967532506247170909e-01
-7.748630565267664028e-02 2.188218008699899589e-02 -9.967532506247170909e-01
-7.585231389696098225e-02 3.847935412170987446e-01 -9.198806211210679429e-01
-7.585231389696064919e-02 -3.847935412170974123e-01 9.198806211210686090e-01
-7.380493894470788185e-02 -8.709788439606392929e-01 4.857454934020037918e-01
-7.380493894470778471e-02 8.709788439606384047e-01 -4.857454934020056236e-01
-7.006254641336399913e-02 -3.412575591637624361e-01 9.373550650120083816e-01
-7.006254641336386035e-02 3.412575591637621586e-01 -9.373550650120084926e-01
-6.868264968150755712e-02 -2.214120044234000051e-01 9.727586637650366130e-01
-6.868264968150714078e-02 2.214120044233986728e-01 -9.727586637650369461e-01
-6.863386774120409928e-02 8.934054182877533279e-01 -4.439776467041640085e-01
-6.863386774120387723e-02 -8.934054182877526618e-01 4.439776467041653407e-01
-6.343138994949656939e-02 -2.970807606715132887e-01 9.527431345372738836e-01
-6.343138994949622245e-02 2.970807606715112903e-01 -9.527431345372745497e-01
-6.338901095908644479e-02 -6.154674392641377306e-02 -9.960892688919428251e-01
-6.338901095908537620e-02 6.154674392641278080e-02 9.960892688919430471e-01
-6.297741979391181799e-02 -9.138134822002106361e-01 4.012215900786331169e-01
-6.297741979391163758e-02 9.138134822002111912e-01 -4.012215900786317291e-01
-5.687998748601427734e-02 9.321515869972152313e-01 -3.575724903878429450e-01
-5.687998748601413856e-02 -9.321515869972158974e-01 3.575724903878410021e-01
-5.596397139893270062e-02 -2.523719390054602885e-01 9.660105787763836327e-01
-5.596397139893263123e-02 2.523719390054600109e-01 -9.660105787763837437e-01
-5.361664159978624111e-02 -1.777721217391076136e-01 9.826099574479876253e-01
-5.361664159978574151e-02 1.777721217391062536e-01 -9.826099574479878473e-01
-5.346577526776456063e-02 5.484998451123515584e-02 9.970621294955165359e-01
-5.346577526776354755e-02 -5.484998451123409419e-02 -9.970621294955166469e-01
-5.038768586635657826e-02 -9.483734751957776377e-01 3.131275022384925610e-01
-5.038768586635621743e-02 9.483734751957791920e-01 -3.131275022384877871e-01
-4.766894665429666222e-02 2.072409303615057041e-01 -9.771278669180238907e-01
-4.766894665429605160e-02 -2.072409303615025955e-01 9.771278669180245569e-01
-4.354817021854916204e-02 -9.624382062930181281e-01 2.679855517338462501e-01
-4.354817021854911346e-02 9.624382062930175730e-01 -2.679855517338482485e-01
-3.912582401132728288e-02 1.335150993707395484e-01 -9.902741479688622617e-01
-3.912582401132719961e-02 -1.335150993707392431e-01 9.902741479688623727e-01
-3.855849597336244439e-02 1.617983207091875930e-01 -9.860702539900283448e-01
-3.855849597336208356e-02 -1.617983207091862052e-01 9.860702539900285668e-01
-3.641044843232905254e-02 9.743102681121856845e-01 -2.222471162830183811e-01
-3.641044843232884437e-02 -9.743102681121853514e-01 2.222471162830198244e-01
-3.613141136054862090e-02 9.440694424085955064e-03 -9.993024539156730723e-01
-3.613141136054660169e-02 -9.440694424085434647e-03 9.993024539156730723e-01
-3.222771530905828991e-02 8.828083279063866223e-03 -9.994415637302543898e-01
-3.222771530905280124e-02 -8.828083279062350075e-03 9.994415637302546118e-01
-2.938474021390353672e-02 -2.898311430076862608e-02 -9.991478950225486377e-01
-2.938474021390122606e-02 2.898311430076634318e-02 9.991478950225488598e-01
-2.902468881245255303e-02 -9.839596734146845991e-01 1.760140009573316344e-01
-2.902468881245232057e-02 9.839596734146848211e-01 -1.760140009573301911e-01
-2.864830709610908382e-02 -1.161551511812150134e-01 9.928178359369840278e-01
-2.864830709610898321e-02 1.161551511812147219e-01 -9.928178359369840278e-01
-2.525043513977346527e-02 -8.874607418529290026e-02 9.957341762950343567e-01
-2.525043513977304199e-02 8.874607418529148473e-02 -9.957341762950344677e-01
-2.144202397493815207e-02 9.913620415023810528e-01 -1.293891118915714289e-01
-2.144202397493795778e-02 -9.913620415023812749e-01 1.293891118915693472e-01
-2.074633471841624832e-02 2.095127520623179043e-02 9.995652223156746841e-01
-2.074633471841521790e-02 -2.095127520623073919e-02 -9.995652223156746841e-01
-1.795754613292855489e-02 -7.042262283968919734e-02 9.973555939228809786e-01
-1.795754613292827387e-02 7.042262283968804548e-02 -9.973555939228810896e-01
-1.371435149292742940e-02 -9.964986645772773155e-01 8.247622723446605686e-02
-1.371435149292696970e-02 9.964986645772777596e-01 -8.247622723446104698e-02
-1.202771430608561183e-02 4.357190032455983408e-02 -9.989778894403408271e-01
-1.202771430608504805e-02 -4.357190032455782874e-02 9.989778894403409382e-01
-6.508816283720878122e-03 -2.471180164981281666e-02 9.996734277601886376e-01
-6.508816283720800060e-03 2.471180164981252175e-02 -9.996734277601886376e-01
-5.894131964811633734e-03 -9.993565586691116609e-01 3.537976615823856114e-02
-5.894131964811611182e-03 9.993565586691116609e-01 -3.537976615824064280e-02
0.000000000000000000e+00 -1.899130026699501076e-03 -9.999980675153190557e-01
0.000000000000000000e+00 1.899130026696365346e-03 9.999980675153190557e-01
1.965814814538132012e-03 9.999284989854874128e-01 1.179544355863686687e-02
1.965814814538553116e-03 -9.999284989854874128e-01 -1.179544355863717392e-02
4.166290185715515459e-03 4.174488977638043941e-03 -9.999826076826856536e-01
4.166290185718434999e-03 -4.174488977640972154e-03 9.999826076826856536e-01
5.671895513009864338e-03 -2.086667550987116038e-02 -9.997661783909551625e-01
5.671895513010724761e-03 2.086667550987428635e-02 9.997661783909551625e-01
9.490489542713843873e-03 2.559640866163632317e-03 9.999516882564256637e-01
9.490489542715262877e-03 -2.559640866164013089e-03 -9.999516882564256637e-01
9.812514892547264875e-03 -9.982130395836011916e-01 -5.894439885817299996e-02
9.812514892547507736e-03 9.982130395836010806e-01 5.894439885817447100e-02
1.232638173463332550e-02 4.755757055469252148e-02 9.987924397973122481e-01
1.232638173463367244e-02 -4.755757055469395783e-02 -9.987924397973121371e-01
1.254743294010883872e-02 -1.247364733013992324e-02 9.998434727740621586e-01
1.254743294010988129e-02 1.247364733014095367e-02 -9.998434727740621586e-01
1.330046696423879335e-02 3.531173060700012155e-03 9.999053097145491620e-01
1.330046696424166605e-02 -3.531173060700772397e-03 -9.999053097145491620e-01
1.759304571697143521e-02 9.942145173073986264e-01 1.059621551197258427e-01
1.759304571697162603e-02 -9.942145173073984044e-01 -1.059621551197279105e-01
1.855528386281406900e-02 -6.620289297574660781e-02 -9.976336393698902461e-01
1.855528386281446798e-02 6.620289297574802334e-02 9.976336393698901350e-01
2.339916541548515277e-02 -9.329310862071452104e-02 -9.953636897846647180e-01
2.339916541548522910e-02 9.329310862071481247e-02 9.953636897846647180e-01
2.525474152080400131e-02 -9.879430399789170814e-01 -1.527440597467969452e-01
2.525474152080443846e-02 9.879430399789163042e-01 1.527440597468019134e-01
3.210880195271904186e-02 1.111879457474439087e-01 9.932805573238734365e-01
3.210880195271909043e-02 -1.111879457474442140e-01 -9.932805573238733254e-01
3.274539784219906297e-02 -9.794144588775327565e-01 -1.991859851038362550e-01
3.274539784219910460e-02 9.794144588775332005e-01 1.991859851038342011e-01
3.370225202714108304e-02 1.389948561512401315e-01 9.897194492237662011e-01
3.370225202714139529e-02 -1.389948561512415748e-01 -9.897194492237659791e-01
3.718275791756753962e-02 -3.784654354541441140e-02 9.985915489604889617e-01
3.718275791756899679e-02 3.784654354541589633e-02 -9.985915489604888506e-01
4.001347449032946479e-02 -9.686503255856927508e-01 -2.451845602845807992e-01
4.001347449032989501e-02 9.686503255856918626e-01 2.451845602845839356e-01
4.321475099718582319e-02 -1.845516427997274667e-01 -9.818722811222307945e-01
4.321475099718625340e-02 1.845516427997294651e-01 9.818722811222303504e-01
4.629675012819602087e-02 1.557142254466788445e-01 9.867166213868642233e-01
4.629675012819638863e-02 -1.557142254466799269e-01 -9.867166213868640012e-01
4.633539214048512656e-02 4.534404749987544503e-02 -9.978962615380000400e-01
4.633539214048536248e-02 -4.534404749987564626e-02 9.978962615380000400e-01
4.700829627303515501e-02 -9.556778333243379775e-01 -2.906374011960702886e-01
4.700829627303537012e-02 9.556778333243375334e-01 2.906374011960716763e-01
5.191923099902592126e-02 2.298523105580456416e-01 9.718396517860328210e-01
5.191923099902655964e-02 -2.298523105580487502e-01 -9.718396517860320438e-01
5.368025080925398207e-02 9.405297429455019564e-01 3.354433384461876777e-01
5.368025080925412779e-02 -9.405297429455011793e-01 -3.354433384461896206e-01
5.489752617152145187e-02 1.527028614935744752e-02 9.983752200356156292e-01
5.489752617152286046e-02 -1.527028614935785344e-02 -9.983752200356155182e-01
5.898855115616000871e-02 -1.516546550621482303e-02 -9.981434563671079951e-01
5.898855115616272182e-02 1.516546550621550825e-02 9.981434563671078841e-01
5.980175515817900966e-02 2.747860089903417236e-01 9.596438919428190717e-01
5.980175515817918314e-02 -2.747860089903431668e-01 -9.596438919428186276e-01
5.998098275850915345e-02 -9.232442937933351690e-01 -3.795026425275183080e-01
5.998098275850929223e-02 9.232442937933339477e-01 3.795026425275213056e-01
6.108037575681721926e-02 1.996757019882458017e-01 9.779564416337300781e-01
6.108037575681730946e-02 -1.996757019882461071e-01 -9.779564416337299670e-01
6.586358381114616745e-02 -9.038650996879764588e-01 -4.227172457962846686e-01
6.586358381114625071e-02 9.038650996879773469e-01 4.227172457962827812e-01
6.685190405463137253e-02 -3.192424902589832691e-01 -9.453121470379577396e-01
6.685190405463144192e-02 3.192424902589834912e-01 9.453121470379576285e-01
6.958576685992914901e-02 -7.195115379354338758e-02 9.949778150885041361e-01
6.958576685992934330e-02 7.195115379354363738e-02 -9.949778150885040251e-01
7.128277779652397728e-02 -8.824410303290834978e-01 -4.649909607523106669e-01
7.128277779652426871e-02 8.824410303290820545e-01 4.649909607523135535e-01
7.306278648131980802e-02 3.631124031120058215e-01 9.288763168139282378e-01
7.306278648132023823e-02 -3.631124031120088191e-01 -9.288763168139270165e-01
7.619510028191397999e-02 -8.590260784574007547e-01 -5.062296941341238865e-01
7.619510028191399387e-02 8.590260784574008657e-01 5.062296941341236645e-01
7.641798408889034777e-02 -2.429682001784025103e-01 -9.670195165609936083e-01
7.641798408889138861e-02 2.429682001784054524e-01 9.670195165609928312e-01
7.843103795828679226e-02 -4.062875850032244274e-01 -9.103729843075493156e-01
7.843103795828705593e-02 4.062875850032263148e-01 9.103729843075484274e-01
8.053508755279346898e-02 7.758166832283877601e-02 -9.937279227299135043e-01
8.053508755279496778e-02 -7.758166832284019154e-02 9.937279227299132822e-01
8.055907205243825753e-02 8.336792131532723138e-01 5.463416563526809488e-01
8.055907205243831304e-02 -8.336792131532710926e-01 -5.463416563526827252e-01
8.295680704158081564e-02 4.486613515205545299e-01 8.898433344230968212e-01
8.295680704158123198e-02 -4.486613515205574165e-01 -8.898433344230953779e-01
8.433536588187863503e-02 8.064642196904278082e-01 5.852375657975819045e-01
8.433536588187864891e-02 -8.064642196904296956e-01 -5.852375657975792400e-01
8.664372950530740969e-02 -4.901287823049636505e-01 -8.673330622625109454e-01
8.664372950530761786e-02 4.901287823049653714e-01 8.673330622625099462e-01
8.748696602558939106e-02 -7.774495264016531015e-01 -6.228308475609429795e-01
8.748696602558955759e-02 7.774495264016544338e-01 6.228308475609413142e-01
8.949889051423554065e-02 -5.305870026513587190e-01 -8.428922714167973451e-01
8.949889051423559616e-02 5.305870026513589410e-01 8.428922714167971231e-01
8.997931988997397157e-02 -7.467080190496750980e-01 -6.590378261367458856e-01
8.997931988997406871e-02 7.467080190496729886e-01 6.590378261367483281e-01
9.153277494302279604e-02 5.699354599945121169e-01 8.165753624449330061e-01
9.153277494302296258e-02 -5.699354599945148925e-01 -8.165753624449311188e-01
9.178048135794232565e-02 -7.143168432322237749e-01 -6.937779116665903079e-01
9.178048135794236728e-02 7.143168432322239969e-01 6.937779116665900858e-01
9.226505978933199903e-02 -2.854896704716669009e-01 -9.539301896868817021e-01
9.226505978933241536e-02 2.854896704716682332e-01 9.539301896868812580e-01
9.275920603616231996e-02 -6.080761944966864840e-01 -7.884409117885555762e-01
9.275920603616244486e-02 6.080761944966879273e-01 7.884409117885542440e-01
9.286124527642024284e-02 -6.803571953839062658e-01 -7.269737793174232410e-01
9.286124527642029836e-02 6.803571953839078201e-01 7.269737793174217977e-01
9.319527264020033286e-02 6.449141029698676197e-01 7.585515413919410310e-01
9.319527264020054103e-02 -6.449141029698701733e-01 -7.585515413919389216e-01
9.998051390100302915e-02 2.865949710979133480e-02 9.945765581721224269e-01
9.998051390100444469e-02 -2.865949710979176154e-02 -9.945765581721223159e-01
1.012990534454768915e-01 1.064042678744777232e-01 -9.891494495520617436e-01
1.012990534454778907e-01 -1.064042678744787918e-01 9.891494495520615216e-01
1.047260533956385770e-01 2.604797092225261471e-02 9.941599252388960695e-01
1.047260533956440309e-01 -2.604797092225393310e-02 -9.941599252388954033e-01
1.085743987799954735e-01 3.271404531350952105e-01 9.387175953672792783e-01
1.085743987799954874e-01 -3.271404531350954326e-01 -9.387175953672791673e-01
1.150619631096871792e-01 -1.091109355505203160e-01 9.873477342803979040e-01
1.150619631096882478e-01 1.091109355505212736e-01 -9.873477342803976819e-01
1.252962499977205157e-01 3.678235350893463984e-01 9.214155939481841751e-01
1.252962499977209598e-01 -3.678235350893473976e-01 -9.214155939481837310e-01
1.322491838435575495e-01 1.411199025488381886e-01 -9.811194251860062554e-01
1.322491838435591593e-01 -1.411199025488398540e-01 9.811194251860058113e-01
1.423784666405705224e-01 -4.074447987180985775e-01 -9.020626963990076019e-01
1.423784666405710775e-01 4.074447987180998543e-01 9.020626963990069358e-01
1.446314936096873283e-01 4.269235337732576324e-02 9.885641577658662582e-01
1.446314936096887438e-01 -4.269235337732621427e-02 -9.885641577658660362e-01
1.498295887146988969e-01 -1.398591524690206978e-01 9.787698972773076767e-01
1.498295887146999794e-01 1.398591524690216414e-01 -9.787698972773073436e-01
1.504019874862470851e-01 -3.615523470386698690e-02 -9.879635829137100034e-01
1.504019874862472239e-01 3.615523470386701466e-02 9.879635829137098924e-01
1.597666664432633166e-01 -4.459132619617797166e-01 -8.807019785944688595e-01
1.597666664432644823e-01 4.459132619617823257e-01 8.807019785944673052e-01
1.623657414257502207e-01 1.760103752365589636e-01 -9.709056152996294875e-01
1.623657414257528853e-01 -1.760103752365619612e-01 9.709056152996284883e-01
1.774044004926989271e-01 -4.831413090378735564e-01 -8.573809854358773741e-01
1.774044004926993434e-01 4.831413090378747222e-01 8.573809854358765969e-01
1.847498939924301364e-01 -1.697566848539150408e-01 9.680135043568319775e-01
1.847498939924312467e-01 1.697566848539159567e-01 -9.680135043568316444e-01
1.887440144965763233e-01 -5.733085559509836643e-02 -9.803514012783631770e-01
1.887440144965782662e-01 5.733085559509899787e-02 9.803514012783627329e-01
1.915815040009379577e-01 -2.109865426134767408e-01 9.585307538940783800e-01
1.915815040009392900e-01 2.109865426134782396e-01 -9.585307538940777139e-01
1.952333300658773418e-01 -5.190449111582536856e-01 -8.321516250252165570e-01
1.952333300658780080e-01 5.190449111582547959e-01 8.321516250252157798e-01
1.959051585077359880e-01 -4.546722712472366090e-02 -9.795682212728461513e-01
1.959051585077416502e-01 4.546722712472488909e-02 9.795682212728449301e-01
2.131934109455018711e-01 5.535438366440413871e-01 8.050700531275629679e-01
2.131934109455023707e-01 -5.535438366440422753e-01 -8.050700531275623018e-01
2.197334084159023870e-01 -1.987371355712118093e-01 9.551024972069123153e-01
2.197334084159047740e-01 1.987371355712138354e-01 -9.551024972069114272e-01
2.198326103387426289e-01 -2.459580450723322931e-01 9.440223850607839529e-01
2.198326103387429620e-01 2.459580450723323486e-01 -9.440223850607838418e-01
2.312230846431587994e-01 -5.865618498701412609e-01 -7.761965481790166210e-01
2.312230846431593545e-01 5.865618498701422601e-01 7.761965481790157328e-01
2.322134120204473462e-01 7.253403356006608849e-02 9.699565687459048569e-01
2.322134120204487340e-01 -7.253403356006647706e-02 -9.699565687459044128e-01
2.411244576608130019e-01 5.396738764633359636e-02 9.689925267969867750e-01
2.411244576608153889e-01 -5.396738764633409596e-02 -9.689925267969861089e-01
2.470587155342305608e-01 2.808335563471627272e-01 -9.274128016735487812e-01
2.470587155342308938e-01 -2.808335563471631713e-01 9.274128016735485591e-01
2.492594759363858659e-01 6.180268985049643948e-01 7.455953771183486678e-01
2.492594759363871704e-01 -6.180268985049669483e-01 -7.455953771183461143e-01
2.546895071248633791e-01 2.267375083516625367e-01 -9.400656132775913054e-01
2.546895071248648779e-01 -2.267375083516637857e-01 9.400656132775906393e-01
2.672385961041166547e-01 -6.478712885456759940e-01 -7.133346523410076800e-01
2.672385961041170432e-01 6.478712885456768822e-01 7.133346523410066808e-01
2.732031348021390360e-01 3.155210375821758673e-01 -9.087389735107389566e-01
2.732031348021404793e-01 -3.155210375821774216e-01 9.087389735107379574e-01
2.749370801881786952e-01 8.825806511953698807e-02 9.574027970916706431e-01
2.749370801881799720e-01 -8.825806511953747380e-02 -9.574027970916701991e-01
2.850955512251137081e-01 -6.760318466855820274e-01 -6.794861800938488683e-01
2.850955512251143742e-01 6.760318466855826935e-01 6.794861800938478691e-01
2.859491575268459096e-01 -6.164265707925180998e-02 -9.562600389736553019e-01
2.859491575268487407e-01 6.164265707925235815e-02 9.562600389736544138e-01
2.895266617293620337e-01 -2.536983603000511622e-01 9.229363218169046590e-01
2.895266617293630884e-01 2.536983603000519394e-01 -9.229363218169041039e-01
2.982129753253052740e-01 3.499279951103310138e-01 -8.880424649675785487e-01
2.982129753253074944e-01 -3.499279951103339004e-01 8.880424649675766613e-01
3.027647548860146753e-01 7.024500695877471390e-01 6.441253006480809340e-01
3.027647548860151194e-01 -7.024500695877476941e-01 -6.441253006480800458e-01
3.168147374364908009e-01 1.044564054715868967e-01 9.427180286273317833e-01
3.168147374364920776e-01 -1.044564054715873963e-01 -9.427180286273313392e-01
3.201801446297193321e-01 -7.270722596777742242e-01 -6.073307206061185903e-01
3.201801446297198872e-01 7.270722596777748903e-01 6.073307206061174801e-01
3.220392558195145916e-01 -3.839617411932564339e-01 8.653693425417011698e-01
3.220392558195157573e-01 3.839617411932577107e-01 -8.653693425417000595e-01
3.241526953754884088e-01 -2.795639427366963248e-01 9.037527493746942975e-01
3.241526953754895191e-01 2.795639427366971019e-01 -9.037527493746936313e-01
3.302692069121203611e-01 6.848349752668968227e-02 9.413990979027709871e-01
3.302692069121254126e-01 -6.848349752669061208e-02 -9.413990979027690997e-01
3.372754014609505857e-01 7.498496471083861969e-01 5.691843377156325934e-01
3.372754014609514739e-01 -7.498496471083876402e-01 -5.691843377156301509e-01
3.446370135154334657e-01 -4.175296569627091059e-01 8.407700722978699304e-01
3.446370135154338543e-01 4.175296569627091614e-01 -8.407700722978697083e-01
3.539841717140624344e-01 -7.707384975892686008e-01 -5.297710585807290373e-01
3.539841717140627675e-01 7.707384975892692669e-01 5.297710585807278161e-01
3.577486853711459025e-01 1.210799264830018790e-01 9.259349488587671484e-01
3.577486853711471237e-01 -1.210799264830024063e-01 -9.259349488587665933e-01
3.584750413349395148e-01 -3.042823300051701874e-01 8.825575949401478493e-01
3.584750413349405695e-01 3.042823300051709090e-01 -8.825575949401471831e-01
3.659653982975198394e-01 4.505394567945920636e-01 -8.142994075401084331e-01
3.659653982975200615e-01 -4.505394567945924522e-01 8.142994075401081000e-01
3.702402905785943110e-01 -7.897002058172348793e-01 -4.891786096759495606e-01
3.702402905785949772e-01 7.897002058172353234e-01 4.891786096759482838e-01
3.739755244459490591e-01 -7.448390008039487697e-02 -9.244427812169832004e-01
3.739755244459493921e-01 7.448390008039491861e-02 9.244427812169830894e-01
3.859780065705946672e-01 8.067013742840056789e-01 4.474973420838236349e-01
3.859780065705947227e-01 -8.067013742840057899e-01 -4.474973420838233573e-01
3.859877537797793967e-01 4.828994533397193978e-01 -7.860162669412387171e-01
3.859877537797807290e-01 -4.828994533397207300e-01 7.860162669412372738e-01
3.924010043669506342e-01 -3.278055359179615769e-01 8.593980349019576526e-01
3.924010043669528547e-01 3.278055359179632977e-01 -8.593980349019559872e-01
3.976440596493711066e-01 1.380770656052876522e-01 9.070909137343403650e-01
3.976440596493723278e-01 -1.380770656052882073e-01 -9.070909137343396988e-01
4.011322062325788362e-01 -8.217138772818765036e-01 -4.048200303905047370e-01
4.011322062325792803e-01 8.217138772818768366e-01 4.048200303905034048e-01
4.046716851387141545e-01 5.145188224308963054e-01 -7.559836034011035988e-01
4.046716851387154867e-01 -5.145188224308984148e-01 7.559836034011014894e-01
4.156386383419806707e-01 8.347149099707960040e-01 3.612416661871525325e-01
4.156386383419813368e-01 -8.347149099707968922e-01 -3.612416661871498125e-01
4.169602901049351273e-01 -7.964138027829774369e-02 -9.054288304571352919e-01
4.169602901049404009e-01 7.964138027829857636e-02 9.054288304571328494e-01
4.219891135647635960e-01 -5.453078670836788433e-01 7.242682639253731347e-01
4.219891135647644842e-01 5.453078670836800645e-01 -7.242682639253716914e-01
4.258380240902929215e-01 3.500896175504875085e-01 -8.343256180426371627e-01
4.258380240902943648e-01 -3.500896175504885632e-01 8.343256180426360524e-01
4.294341369071973946e-01 -8.456870224140754511e-01 -3.168592466367131100e-01
4.294341369071976167e-01 8.456870224140758951e-01 3.168592466367117222e-01
4.364090723152438400e-01 1.553939839375065302e-01 8.862278664976509512e-01
4.364090723152450613e-01 -1.553939839375068910e-01 -8.862278664976502851e-01
4.379163172348329303e-01 -5.751782798082930581e-01 6.909408408367926357e-01
4.379163172348333188e-01 5.751782798082930581e-01 -6.909408408367924137e-01
4.424568422318928551e-01 -8.546181385338216252e-01 -2.717715585766242725e-01
4.424568422318934657e-01 8.546181385338217362e-01 2.717715585766228292e-01
4.524339587499099924e-01 6.040434024525882517e-01 -6.560755146500937274e-01
4.524339587499101589e-01 -6.040434024525886958e-01 6.560755146500932833e-01
4.546464193319139646e-01 8.615015599810482705e-01 2.260789586381042604e-01
4.546464193319140201e-01 -8.615015599810483815e-01 -2.260789586381039551e-01
4.586939395944383269e-01 3.710947661332860137e-01 -8.073961508007179155e-01
4.586939395944397146e-01 -3.710947661332869019e-01 8.073961508007166943e-01
4.591172338403124997e-01 8.395696137282136762e-02 8.843995670667542663e-01
4.591172338403144981e-01 -8.395696137282168681e-02 -8.843995670667531561e-01
4.655270990233511541e-01 6.318184828007705756e-01 -6.197498889602446326e-01
4.655270990233518202e-01 -6.318184828007711307e-01 6.197498889602434113e-01
4.659442729952208428e-01 -8.663359549593458997e-01 -1.798831498713349963e-01
4.659442729952211759e-01 8.663359549593461217e-01 1.798831498713335530e-01
4.739552449235128750e-01 1.729747329542258572e-01 8.633922443298336358e-01
4.739552449235139853e-01 -1.729747329542264123e-01 -8.633922443298329696e-01
4.762937587834340514e-01 8.691253320845827579e-01 1.332869553737786594e-01
4.762937587834344400e-01 -8.691253320845829800e-01 -1.332869553737757173e-01
4.771851976468322043e-01 6.584209271596982438e-01 -5.820448177115891131e-01
4.771851976468332590e-01 -6.584209271596999091e-01 5.820448177115864485e-01
4.856403892840006065e-01 -8.698789994064811681e-01 -8.639408942551361770e-02
4.856403892840008840e-01 8.698789994064812792e-01 8.639408942551038417e-02
4.874020998022475792e-01 -6.837705481740113944e-01 5.430442252323209873e-01
4.874020998022481344e-01 6.837705481740123936e-01 -5.430442252323192109e-01
4.908772545126762199e-01 -3.907853848323066814e-01 7.786695730562247508e-01
4.908772545126771636e-01 3.907853848323072365e-01 -7.786695730562238627e-01
4.939320349346215111e-01 -8.686115087607827467e-01 -3.930892664091079070e-02
4.939320349346219552e-01 8.686115087607826357e-01 3.930892664090931965e-02
4.961760098288017229e-01 7.077898071230657173e-01 -5.028349194348600282e-01
4.961760098288023890e-01 -7.077898071230672716e-01 5.028349194348572526e-01
5.003419204927035402e-01 -8.743514549803547975e-02 -8.614017981925801148e-01
5.003419204927065378e-01 8.743514549803586833e-02 8.614017981925783385e-01
5.011191187562680227e-01 -8.653425856630038160e-01 7.863730349406622758e-03
5.011191187562680227e-01 8.653425856630038160e-01 -7.863730349406315712e-03
5.035094515950389038e-01 -7.304040499666073494e-01 4.615063985979404038e-01
5.035094515950389038e-01 7.304040499666074604e-01 -4.615063985979401262e-01
5.071548043479687795e-01 -8.600970449963977194e-01 5.501888416932970011e-02
5.071548043479690016e-01 8.600970449963974973e-01 -5.501888416933116421e-02
5.094092158655392222e-01 -7.515417364223662133e-01 4.191506521604267954e-01
5.094092158655395552e-01 7.515417364223669905e-01 -4.191506521604249080e-01
5.101976318150684975e-01 1.907614293878756029e-01 8.386348749892234000e-01
5.101976318150696077e-01 -1.907614293878761302e-01 -8.386348749892226229e-01
5.119951765154283629e-01 8.529046927874798234e-01 -1.020515764014940790e-01
5.119951765154284740e-01 -8.529046927874794903e-01 1.020515764014970350e-01
5.138862948912581441e-01 7.711346613770679870e-01 -3.758619559702864321e-01
5.138862948912586992e-01 -7.711346613770692082e-01 3.758619559702834345e-01
5.155994139263780918e-01 8.438002144023232232e-01 -1.488571212047603287e-01
5.155994139263783138e-01 -8.438002144023237783e-01 1.488571212047571368e-01
5.169558044909652317e-01 -7.891181679528727066e-01 3.317366624444769707e-01
5.169558044909654537e-01 7.891181679528732618e-01 -3.317366624444749723e-01
5.179299532083950774e-01 -8.328230495355546381e-01 1.953313383250339375e-01
5.179299532083952995e-01 8.328230495355540830e-01 -1.953313383250353807e-01
5.186368939288137359e-01 8.054313515738492635e-01 -2.868729861067347287e-01
5.186368939288138469e-01 -8.054313515738499296e-01 2.868729861067324527e-01
5.189526439295630844e-01 -8.200172544015785769e-01 2.413707849807280592e-01
5.189526439295630844e-01 8.200172544015786880e-01 -2.413707849807277539e-01
5.222974017760375620e-01 -4.091301532478874292e-01 7.482098247158751603e-01
5.222974017760385612e-01 4.091301532478880398e-01 -7.482098247158740500e-01
5.405320301885809808e-01 9.008387286280514217e-02 8.364867125007120485e-01
5.405320301885851997e-01 -9.008387286280569728e-02 -8.364867125007092730e-01
5.450550329369405755e-01 2.086944377274184692e-01 8.120108636784038048e-01
5.450550329369416858e-01 -2.086944377274190798e-01 -8.120108636784029166e-01
5.528650072651430936e-01 -4.261020785039793535e-01 7.160847033949977458e-01
5.528650072651450920e-01 4.261020785039806302e-01 -7.160847033949955254e-01
5.784501956308295556e-01 2.267125597693976924e-01 7.835794703905036851e-01
5.784501956308305548e-01 -2.267125597693982475e-01 -7.835794703905027969e-01
5.795876334243769135e-01 -9.191446913551275244e-02 -8.097097662403899276e-01
5.795876334243773575e-01 9.191446913551275244e-02 8.097097662403895946e-01
5.824921515778692660e-01 4.416785328405727351e-01 -6.823657135129106432e-01
5.824921515778705983e-01 -4.416785328405735123e-01 6.823657135129092000e-01
6.103100048472706041e-01 2.447532306334183616e-01 7.534039780077015358e-01
6.103100048472717143e-01 -2.447532306334186669e-01 -7.534039780077006476e-01
6.110926291337013261e-01 4.558412776637204011e-01 -6.471279071376596637e-01
6.110926291337025473e-01 -4.558412776637210118e-01 6.471279071376581093e-01
6.174114600590411284e-01 -9.294158122392535970e-02 -7.811305598088962299e-01
6.174114600590460133e-01 9.294158122392580379e-02 7.811305598088923441e-01
6.385822038410287060e-01 -4.685764740490814817e-01 6.104497169343806595e-01
6.385822038410294832e-01 4.685764740490818148e-01 -6.104497169343795493e-01
6.405656612768957370e-01 2.627527206318283071e-01 7.215515514455398405e-01
6.405656612768967362e-01 -2.627527206318286401e-01 -7.215515514455388413e-01
6.539091614521910234e-01 9.318310169097289430e-02 7.508127050923834034e-01
6.539091614521925777e-01 -9.318310169097307472e-02 -7.508127050923819601e-01
6.648788605613763503e-01 -4.798746797363581118e-01 5.724127815890676096e-01
6.648788605613770164e-01 4.798746797363585004e-01 -5.724127815890663884e-01
6.691528469261737166e-01 2.806463423629783072e-01 6.880930881565943125e-01
6.691528469261744938e-01 -2.806463423629788623e-01 -6.880930881565933133e-01
6.889895650040055441e-01 -9.266008208365887622e-02 -7.188236838779318294e-01
6.889895650040080977e-01 9.266008208365901500e-02 7.188236838779293869e-01
6.899030516145026048e-01 -4.897308326931573141e-01 5.331017640963718884e-01
6.899030516145040481e-01 4.897308326931580913e-01 -5.331017640963692239e-01
6.960118777023217573e-01 2.983686623790346437e-01 6.531030603261892553e-01
6.960118777023225345e-01 -2.983686623790351988e-01 -6.531030603261881451e-01
7.135779375806511338e-01 -4.981442213677076403e-01 4.926041633158458888e-01
7.135779375806517999e-01 4.981442213677079178e-01 -4.926041633158446675e-01
7.210878426104074812e-01 3.158537167628124864e-01 6.166593491114726877e-01
7.210878426104082584e-01 -3.158537167628130415e-01 -6.166593491114715775e-01
7.225649203742641191e-01 9.139663548786458591e-02 6.852346976518569610e-01
7.225649203742675608e-01 -9.139663548786484959e-02 -6.852346976518532973e-01
7.358296216707314041e-01 5.051184417902248036e-01 -4.510101192161032335e-01
7.358296216707321813e-01 -5.051184417902252477e-01 4.510101192161013461e-01
7.443307292053332747e-01 3.330352299337711597e-01 5.788430712927442601e-01
7.443307292053340518e-01 -3.330352299337717148e-01 -5.788430712927430388e-01
7.545511366807668985e-01 -8.941982865627656762e-02 -6.501205091187669538e-01
7.545511366807674536e-01 8.941982865627653987e-02 6.501205091187663987e-01
7.565873769519799730e-01 5.106613417225308593e-01 -4.084122122403628374e-01
7.565873769519807501e-01 -5.106613417225311924e-01 4.084122122403609501e-01
7.656955349818522771e-01 3.498468359909774339e-01 5.397383987228970836e-01
7.656955349818531653e-01 -3.498468359909776559e-01 -5.397383987228958624e-01
7.757838657355414780e-01 -5.147849520946092827e-01 3.649052572399719141e-01
7.757838657355420331e-01 5.147849520946093937e-01 -3.649052572399705818e-01
7.848680100030196449e-01 -8.675956409006767289e-02 -6.135592757939540842e-01
7.848680100030236417e-01 8.675956409006771453e-02 6.135592757939488662e-01
7.851423644271700031e-01 3.662223018907051486e-01 4.994323709768783703e-01
7.851423644271705582e-01 -3.662223018907056482e-01 -4.994323709768771491e-01
7.933553504534452960e-01 -5.175054060050404692e-01 3.205860924345427798e-01
7.933553504534462952e-01 5.175054060050408022e-01 -3.205860924345397267e-01
8.026365115028784025e-01 3.820957517483948296e-01 4.580147016181015940e-01
8.026365115028789576e-01 -3.820957517483953847e-01 -4.580147016181003172e-01
8.092418953754940691e-01 -5.188428455995588440e-01 2.755533638684712905e-01
8.092418953754946243e-01 5.188428455995589550e-01 -2.755533638684699027e-01
8.134394405439887565e-01 8.344845248707236096e-02 5.756323760395999356e-01
8.134394405439898668e-01 -8.344845248707245811e-02 -5.756323760395983813e-01
8.181485273656298185e-01 3.974018915488822801e-01 4.155775785131120559e-01
8.181485273656302626e-01 -3.974018915488827242e-01 -4.155775785131107236e-01
8.233875585416572385e-01 5.188213171782340982e-01 -2.299073058435753547e-01
8.233875585416576826e-01 -5.188213171782342092e-01 2.299073058435733286e-01
8.316542731792718746e-01 4.120762335453169167e-01 3.722154586388943809e-01
8.316542731792723187e-01 -4.120762335453173608e-01 -3.722154586388929931e-01
8.357405733125072844e-01 5.174686549168550087e-01 -1.837495178165707288e-01
8.357405733125078395e-01 -5.174686549168552308e-01 1.837495178165686749e-01
8.401936388319437565e-01 -7.952167600000137337e-02 -5.364242279320425855e-01
8.401936388319457549e-01 7.952167600000129011e-02 5.364242279320394768e-01
8.431349579147110473e-01 4.260553196258540787e-01 3.280248578395695835e-01
8.431349579147116025e-01 -4.260553196258541342e-01 -3.280248578395681958e-01
8.462535189690399973e-01 -5.148163536219089176e-01 1.371827382579832721e-01
8.462535189690403303e-01 5.148163536219088066e-01 -1.371827382579818289e-01
8.525771610775852993e-01 -4.392769429281586646e-01 -2.831041360004766250e-01
8.525771610775858544e-01 4.392769429281591642e-01 2.831041360004746266e-01
8.548834798237719967e-01 -5.108994309709765647e-01 9.031061597581380163e-02
8.548834798237723298e-01 5.108994309709765647e-01 -9.031061597581056810e-02
8.599728403477879812e-01 4.516803669849730474e-01 2.375532781177268626e-01
8.599728403477882033e-01 -4.516803669849734360e-01 -2.375532781177254193e-01
8.615921923372112934e-01 -5.057562797213396300e-01 4.323747941298029113e-02
8.615921923372115154e-01 5.057562797213394079e-01 -4.323747941297882702e-02
8.650633203754566347e-01 7.501684277760403696e-02 4.960221013631049836e-01
8.650633203754589662e-01 -7.501684277760407860e-02 -4.960221013631009868e-01
8.653193241587070483e-01 4.632065416894087240e-01 1.914736717506002328e-01
8.653193241587071594e-01 -4.632065416894090015e-01 -1.914736717505987895e-01
8.663461797675893195e-01 -4.994285103989822283e-01 -3.931895567985752536e-03
8.663461797675894305e-01 4.994285103989819508e-01 3.931895567987222714e-03
8.686192892878082938e-01 4.737983153763078992e-01 1.449678813520963450e-01
8.686192892878085159e-01 -4.737983153763082877e-01 -1.449678813520931531e-01
8.691168739169840007e-01 -4.919607850079315559e-01 -5.109251889610672698e-02
8.691168739169840007e-01 4.919607850079317779e-01 5.109251889610464531e-02
8.698807235735958043e-01 4.834006423258887519e-01 9.813941997992196853e-02
8.698807235735959154e-01 -4.834006423258890850e-01 -9.813941997992051136e-02
8.879858882169830991e-01 -6.997383328952579140e-02 -4.545159237939472296e-01
8.879858882169836543e-01 6.997383328952568038e-02 4.545159237939463415e-01
9.089036028650463450e-01 -6.443463896183679318e-02 -4.119980800935798548e-01
9.089036028650492316e-01 6.443463896183651562e-02 4.119980800935736376e-01
9.277637391205902917e-01 5.844319367475192539e-02 3.685632069076845707e-01
9.277637391205909578e-01 -5.844319367475198090e-02 -3.685632069076829609e-01
9.445187293503838344e-01 -5.204519869683171124e-02 -3.243079820154657344e-01
9.445187293503851667e-01 5.204519869683144062e-02 3.243079820154619597e-01
9.591262927989521181e-01 4.528794165087864781e-02 2.793309091431978586e-01
9.591262927989533393e-01 -4.528794165087855067e-02 -2.793309091431935287e-01
9.715495505700461054e-01 -3.822011012579419609e-02 -2.337320987137058714e-01
9.715495505700465495e-01 3.822011012579400874e-02 2.337320987137046502e-01
9.817571259496875591e-01 -3.089160056569855220e-02 -1.876130450195256649e-01
9.817571259496875591e-01 3.089160056569886792e-02 1.876130450195258037e-01
9.897232297844175131e-01 2.335332308270120574e-02 1.410764003159146462e-01
9.897232297844177351e-01 -2.335332308270125432e-02 -1.410764003159131197e-01
9.954277306711009077e-01 -1.565700285266278732e-02 -9.422574633641286890e-02
9.954277306711012407e-01 1.565700285266238487e-02 9.422574633640867781e-02
9.988562097579054555e-01 7.854978764211038508e-03 4.716536373956144862e-02
9.988562097579056775e-01 -7.854978764210922282e-03 -4.716536373955718814e-02
1.000000000000000000e+00 0.000000000000000000e+00 0.000000000000000000e+00
