-9.685467113700167996e-01 -1.616218606465457397e-01 1.082331564015610870e-01
-9.685467113700163555e-01 1.616218606465466279e-01 -1.082331564015616837e-01
-7.466580169174635850e-01 -4.040711120196480710e-01 2.790554927541759045e-01
-7.466580169174626969e-01 4.040711120196485151e-01 -2.790554927541762376e-01
-4.328778914553857438e-01 -4.702307407848437260e-01 3.321948310022233009e-01
-4.328778914553844670e-01 4.702307407848437260e-01 -3.321948310022232453e-01
-1.771099802607024876e-01 -4.037700851267483348e-01 2.452413035577108436e-01
-1.771099802607019602e-01 4.037700851267480573e-01 -2.452413035577103995e-01
-2.790187337014389535e-02 -3.367255355134466388e-01 5.486486342691156148e-02
-2.790187337014341656e-02 3.367255355134464723e-01 -5.486486342691066637e-02
9.169097734637550456e-02 -3.620794811908097932e-01 -1.586491310123574749e-01
9.169097734637582375e-02 3.620794811908099597e-01 1.586491310123578913e-01
2.913965812015684165e-01 -4.460156708447198803e-01 -3.052577755516857061e-01
2.913965812015688051e-01 4.460156708447199359e-01 3.052577755516858171e-01
5.906678537214991032e-01 -4.597352441206768447e-01 -3.231334219797769025e-01
5.906678537214997693e-01 4.597352441206768447e-01 3.231334219797767915e-01
8.793390611042665173e-01 -3.018774809794300129e-01 -2.047375708965560870e-01
8.793390611042669613e-01 3.018774809794296798e-01 2.047375708965558094e-01
1.000000000000000000e+00 0.000000000000000000e+00 0.000000000000000000e+00
