-7.880977939665214649e-01 3.559272962064695678e-01 2.680978145775356203e-01
-7.880977939665211318e-01 -3.559272962064685686e-01 -2.680978145775361199e-01
-7.878942122447348817e-01 -3.794298549224162098e-01 -2.606104941560099530e-01
-7.878942122447348817e-01 3.794298549224166539e-01 2.606104941560097865e-01
-7.873791283401851970e-01 -3.325417530324214499e-01 -2.752203772945237548e-01
-7.873791283401849750e-01 3.325417530324231152e-01 2.752203772945232552e-01
-7.867544120838277921e-01 -4.030061675764884388e-01 -2.527686028261875162e-01
-7.867544120838274591e-01 4.030061675764882723e-01 2.527686028261877382e-01
-7.857544858407425892e-01 3.093154288630891591e-01 2.819684917780469480e-01
-7.857544858407423671e-01 -3.093154288630886595e-01 -2.819684917780470590e-01
-7.846667867719732126e-01 -4.266120496176177834e-01 -2.445828097920875188e-01
-7.846667867719729905e-01 4.266120496176189492e-01 2.445828097920873523e-01
-7.832423633518913464e-01 -2.862893381568322182e-01 -2.883329769508458096e-01
-7.832423633518913464e-01 2.862893381568331064e-01 2.883329769508456986e-01
-7.816221507380283207e-01 -4.502025325776757292e-01 -2.360642521496303936e-01
-7.816221507380280986e-01 4.502025325776766174e-01 2.360642521496300050e-01
-7.798634034936836601e-01 2.635031803113294102e-01 2.943051736785440298e-01
-7.798634034936832160e-01 -2.635031803113281335e-01 -2.943051736785444183e-01
-7.776137878566233841e-01 -4.737320064299351263e-01 -2.272245197341768996e-01
-7.776137878566233841e-01 4.737320064299357925e-01 2.272245197341764833e-01
-7.756403065650473438e-01 -2.409952188733021361e-01 -2.998769565507477530e-01
-7.756403065650473438e-01 2.409952188733021639e-01 2.998769565507478085e-01
-7.726374911055959860e-01 -4.971543647546480260e-01 -2.180756393520988934e-01
-7.726374911055957639e-01 4.971543647546499134e-01 2.180756393520980052e-01
-7.705977354404739410e-01 2.188021664528892463e-01 3.050407449359843204e-01
-7.705977354404734969e-01 -2.188021664528887467e-01 -3.050407449359845424e-01
-7.666915934167903846e-01 -5.204231521797878512e-01 -2.086300584178317763e-01
-7.666915934167901625e-01 5.204231521797887394e-01 2.086300584178313600e-01
-7.647622137863530067e-01 1.969590757595430786e-01 3.097895132954558983e-01
-7.647622137863525626e-01 -1.969590757595418573e-01 -3.097895132954561759e-01
-7.597769895941191010e-01 -5.434917135561734280e-01 -1.989006280186738362e-01
-7.597769895941186569e-01 5.434917135561737611e-01 1.989006280186738640e-01
-7.581620179872627929e-01 1.754992371531522988e-01 3.141168007415606755e-01
-7.581620179872625709e-01 -1.754992371531507722e-01 -3.141168007415607866e-01
-7.518971492061325979e-01 -5.663133443193985039e-01 -1.889005854303725807e-01
-7.518971492061319317e-01 5.663133443193999472e-01 1.889005854303721366e-01
-7.508270631958107177e-01 -1.544540830792444086e-01 -3.180167198281881324e-01
-7.508270631958104957e-01 1.544540830792447417e-01 3.180167198281881324e-01
-7.430581203940562762e-01 -5.888414414862382928e-01 -1.786435361072865047e-01
-7.430581203940560542e-01 5.888414414862396251e-01 1.786435361072858108e-01
-7.427887839414053506e-01 1.338530997310432846e-01 3.214839645608217888e-01
-7.427887839414049065e-01 -1.338530997310425075e-01 -3.214839645608219554e-01
-7.340800097534181390e-01 1.137237462536714871e-01 3.245138176155563103e-01
-7.340800097534173618e-01 -1.137237462536703353e-01 -3.245138176155565324e-01
-7.332685245701840993e-01 -6.110296547305583692e-01 -1.681434351716243336e-01
-7.332685245701837662e-01 6.110296547305593684e-01 1.681434351716236120e-01
-7.247348362725972715e-01 9.409138177725724639e-02 3.271021567572030553e-01
-7.247348362725969384e-01 -9.409138177725719088e-02 -3.271021567572031108e-01
-7.225395420155664716e-01 -6.328320369831628156e-01 -1.574145684269492307e-01
-7.225395420155661386e-01 6.328320369831632597e-01 1.574145684269490086e-01
-7.147884923411766955e-01 7.497920053595923118e-02 3.292454604477536018e-01
-7.147884923411764735e-01 -7.497920053595885648e-02 -3.292454604477536573e-01
-7.108848884199403528e-01 -6.542031940015426983e-01 -1.464715329217759210e-01
-7.108848884199394647e-01 6.542031940015442526e-01 1.464715329217751716e-01
-7.042772035768459782e-01 -5.640817529930507168e-02 -3.309408126375733561e-01
-7.042772035768459782e-01 5.640817529930606394e-02 3.309408126375733561e-01
-6.983207824407010600e-01 -6.750984323590831782e-01 -1.353292170897078261e-01
-6.983207824407005049e-01 6.750984323590839553e-01 1.353292170897076041e-01
-6.932380529485959730e-01 3.839700931079555873e-02 3.321859067328015724e-01
-6.932380529485950849e-01 -3.839700931079424034e-02 -3.321859067328016835e-01
-6.848659043913012390e-01 -6.954739053089533662e-01 -1.240027804931328470e-01
-6.848659043913009059e-01 6.954739053089535883e-01 1.240027804931326250e-01
-6.817088388832899248e-01 2.096209689644417534e-02 3.329790487335645421e-01
-6.817088388832895918e-01 -2.096209689644383534e-02 -3.329790487335645421e-01
-6.705413462026125204e-01 -7.152867559856335156e-01 -1.125076331980378180e-01
-6.705413462026115212e-01 7.152867559856349589e-01 1.125076331980370270e-01
-6.697279314407074136e-01 4.117492873205728585e-03 3.333191595387285933e-01
-6.697279314407067474e-01 -4.117492873205098880e-03 -3.333191595387286488e-01
-6.573341271015954446e-01 -1.212510914614892479e-02 3.332057764140610168e-01
-6.573341271015946674e-01 1.212510914614981644e-02 -3.332057764140609613e-01
-6.553705528334330399e-01 -7.344952574167651349e-01 -1.008594148080028674e-01
-6.553705528334321517e-01 7.344952574167661341e-01 1.008594148080020625e-01
-6.445665027180891293e-01 2.775638948869723482e-02 -3.326390536217973537e-01
-6.445665027180890183e-01 -2.775638948869720360e-02 3.326390536217973537e-01
-6.393792553382777744e-01 -7.530589488297378953e-01 -8.907397318590076774e-02
-6.393792553382774413e-01 7.530589488297382283e-01 8.907397318590051793e-02
-6.314642691785149475e-01 4.276940616848864951e-02 -3.316197622107624476e-01
-6.314642691785148365e-01 -4.276940616848833032e-02 3.316197622107624476e-01
-6.225953958318022341e-01 -7.709387677510970427e-01 -7.716734289225153642e-02
-6.225953958318020121e-01 7.709387677510972647e-01 7.716734289225157806e-02
-6.180666253392234077e-01 -5.715958965000321468e-02 3.301492889673272590e-01
-6.180666253392225196e-01 5.715958965000399183e-02 -3.301492889673271480e-01
-6.050490446194843885e-01 -7.880971774124037044e-01 -6.515572336956577948e-02
-6.050490446194833893e-01 7.880971774124045925e-01 6.515572336956554356e-02
-6.044126127746209942e-01 -7.092472866673631138e-02 3.282296345286312422e-01
-6.044126127746196619e-01 7.092472866673726895e-02 -3.282296345286310757e-01
-5.905409718930050289e-01 -8.406494716750539942e-02 3.258634106606360659e-01
-5.905409718930043628e-01 8.406494716750562146e-02 -3.258634106606359548e-01
-5.867723097935054755e-01 -8.044982889935579085e-01 -5.305545690236446177e-02
-5.867723097935044763e-01 8.044982889935587966e-01 5.305545690236363604e-02
-5.764899999601873493e-01 -9.658267249655891340e-02 3.230538367047151027e-01
-5.764899999601866831e-01 9.658267249655938524e-02 -3.230538367047149917e-01
-5.677992396209071702e-01 -8.201079782537654683e-01 -4.088300638284746158e-02
-5.677992396209069481e-01 8.201079782537658014e-01 4.088300638284692728e-02
-5.622974115651964144e-01 -1.084825949466601408e-01 3.198047351976111563e-01
-5.622974115651959703e-01 1.084825949466608624e-01 -3.198047351976111008e-01
-5.481657180780723504e-01 -8.348939961211324645e-01 -2.865493291248252805e-02
-5.481657180780705740e-01 8.348939961211337968e-01 2.865493291248110211e-02
-5.480002020526899553e-01 1.197716188568392487e-01 -3.161205266707238781e-01
-5.480002020526897333e-01 -1.197716188568391793e-01 3.161205266707237671e-01
-5.336345144350086445e-01 -1.304588054584165657e-01 3.120062236358018826e-01
-5.336345144350083114e-01 1.304588054584167600e-01 -3.120062236358017715e-01
-5.279093539111532341e-01 -8.488260728343712813e-01 -1.638787326996466592e-02
-5.279093539111521238e-01 8.488260728343718364e-01 1.638787326996383326e-02
-5.192355102831982538e-01 -1.405553077040025967e-01 3.074674237652214592e-01
-5.192355102831973657e-01 1.405553077040031240e-01 -3.074674237652211817e-01
-5.070693636262980641e-01 -8.618760152540390074e-01 -4.098517276222462744e-03
-5.070693636262976201e-01 8.618760152540392294e-01 4.098517276222513918e-03
-5.048372450808478185e-01 -1.500742973443608685e-01 3.025103022761311822e-01
-5.048372450808467082e-01 1.500742973443615902e-01 -3.025103022761308491e-01
-4.904725485072540803e-01 -1.590308845472472310e-01 2.971416035288246826e-01
-4.904725485072538582e-01 1.590308845472474253e-01 -2.971416035288245716e-01
-4.856864488361527510e-01 -8.740177969861926410e-01 8.196414912744920400e-03
-4.856864488361523069e-01 8.740177969861928631e-01 -8.196414912745164996e-03
-4.761729100973545181e-01 -1.674420303803824672e-01 2.913686318507716089e-01
-4.761729100973541851e-01 1.674420303803828558e-01 -2.913686318507714978e-01
-4.638026684102112274e-01 -8.852276409880817098e-01 2.048019555430543454e-02
-4.638026684102100061e-01 8.852276409880823760e-01 -2.048019555430627067e-02
-4.619683707050900034e-01 -1.753264525075833857e-01 2.851992415987893992e-01
-4.619683707050891153e-01 1.753264525075837743e-01 -2.851992415987889551e-01
-4.478874201745025041e-01 -1.827045244725612749e-01 2.786418264728789396e-01
-4.478874201745025041e-01 1.827045244725612749e-01 -2.786418264728789396e-01
-4.414613058959731551e-01 -8.954840943535193887e-01 3.273611207794816652e-02
-4.414613058959718228e-01 8.954840943535198328e-01 -3.273611207794899919e-02
-4.339569015989604983e-01 -1.895981689690092176e-01 2.717053080962663070e-01
-4.339569015989597212e-01 1.895981689690093286e-01 -2.717053080962658074e-01
-4.202019225235521516e-01 -1.960307455181599379e-01 2.643991238771760122e-01
-4.202019225235512079e-01 1.960307455181601877e-01 -2.643991238771754571e-01
-4.187067326954670432e-01 -9.047680950047191084e-01 4.494748982339949461e-02
-4.187067326954665991e-01 9.047680950047194415e-01 -4.494748982339973054e-02
-4.066457734190602746e-01 -2.020269329959557825e-01 2.567332141688666858e-01
-4.066457734190596085e-01 2.020269329959563653e-01 -2.567332141688663527e-01
-3.955842674975594830e-01 -9.130630300475451877e-01 5.709771472715881313e-02
-3.955842674975573736e-01 9.130630300475460759e-01 -5.709771472715992335e-02
-3.933098537279750007e-01 -2.076126074712718594e-01 2.487180087453845501e-01
-3.933098537279749451e-01 2.076126074712720815e-01 -2.487180087453845778e-01
-3.802136057539964864e-01 -2.128147158341538447e-01 2.403644126114442559e-01
-3.802136057539959868e-01 2.128147158341540390e-01 -2.403644126114438673e-01
-3.721400324803408322e-01 -9.203547855782200360e-01 6.917025592659201139e-02
-3.721400324803395554e-01 9.203547855782204801e-01 -6.917025592659226119e-02
-3.673744566363915109e-01 -2.176611457087566093e-01 2.316837911657346205e-01
-3.673744566363905673e-01 2.176611457087567481e-01 -2.316837911657339266e-01
-3.548077686196327019e-01 -2.221805921594851019e-01 2.226879547378446955e-01
-3.548077686196325353e-01 2.221805921594850741e-01 -2.226879547378445290e-01
-3.484208068099324263e-01 -9.266317877613994280e-01 8.114868825082247050e-02
-3.484208068099318156e-01 9.266317877613993170e-01 -8.114868825082272030e-02
-3.425267977969639888e-01 -2.264024217107537540e-01 2.133891425198445879e-01
-3.425267977969635447e-01 2.264024217107538928e-01 -2.133891425198441438e-01
-3.305426614741132640e-01 -2.303565342107014025e-01 2.038000059143754705e-01
-3.305426614741127644e-01 2.303565342107017078e-01 -2.038000059143751930e-01
-3.244738779720277022e-01 -9.318850350320935227e-01 9.301671456782978353e-02
-3.244738779720272026e-01 9.318850350320935227e-01 -9.301671456783029701e-02
-3.188643142664209229e-01 -2.340732230771005451e-01 1.939335913219176755e-01
-3.188643142664200347e-01 2.340732230771008227e-01 -1.939335913219169538e-01
-3.074985330092305236e-01 -2.375830344695786245e-01 1.838033223906423708e-01
-3.074985330092302460e-01 2.375830344695786800e-01 -1.838033223906421487e-01
-3.003468914805135226e-01 -9.361081213070088225e-01 1.047581879573438318e-01
-3.003468914805121903e-01 9.361081213070090445e-01 -1.047581879573446229e-01
-2.964499105277201840e-01 -2.409166259360615847e-01 1.734229817530118789e-01
-2.964499105277196289e-01 2.409166259360615847e-01 -1.734229817530111295e-01
-2.857208582784668272e-01 -2.441046250830749831e-01 1.628066922739546674e-01
-2.857208582784662165e-01 2.441046250830751774e-01 -1.628066922739540845e-01
-2.760876995134713963e-01 -9.392972501244265526e-01 1.163571336793668975e-01
-2.760876995134700085e-01 9.392972501244267747e-01 -1.163571336793676886e-01
-2.753116178411733062e-01 2.471774888191702879e-01 -1.519688978361529996e-01
-2.753116178411732506e-01 -2.471774888191702602e-01 1.519688978361529441e-01
-2.652202812051478453e-01 -2.501653637182941758e-01 1.409243436885669887e-01
-2.652202812051475123e-01 2.501653637182943424e-01 -1.409243436885667666e-01
-2.554428197615393192e-01 -2.530979480454015329e-01 1.296880563849376333e-01
-2.554428197615388196e-01 2.530979480454016994e-01 -1.296880563849369672e-01
-2.517442090307164815e-01 -9.414512396655708715e-01 1.277977709084459623e-01
-2.517442090307160374e-01 9.414512396655709825e-01 -1.277977709084459346e-01
-2.459731218790955354e-01 -2.560043559800141977e-01 1.182753233395644199e-01
-2.459731218790947582e-01 2.560043559800143087e-01 -1.182753233395633652e-01
-2.368030389084133658e-01 -2.589129845648306949e-01 1.067016720281726144e-01
-2.368030389084130605e-01 2.589129845648306394e-01 -1.067016720281721009e-01
-2.279224394274764753e-01 -2.618513838958601569e-01 9.498284886217019107e-02
-2.279224394274761423e-01 2.618513838958602125e-01 -9.498284886216967760e-02
-2.273642299288853030e-01 -9.425715186444281191e-01 1.390645342041057775e-01
-2.273642299288839985e-01 9.425715186444283411e-01 -1.390645342041059995e-01
-2.193192715097888046e-01 -2.648461310579910966e-01 8.313479776502594176e-02
-2.193192715097883605e-01 2.648461310579912631e-01 -8.313479776502556706e-02
-2.109796327657976200e-01 2.679227082954060979e-01 -7.117363847993210535e-02
-2.109796327657975923e-01 -2.679227082954060424e-01 7.117363847993177228e-02
-2.029953237897449414e-01 -9.426621130870376231e-01 1.501420946882500718e-01
-2.029953237897435259e-01 9.426621130870375120e-01 -1.501420946882508212e-01
-2.028878478785960393e-01 -2.711053858899184488e-01 5.911564463825533938e-02
-2.028878478785956507e-01 2.711053858899185043e-01 -5.911564463825480509e-02
-1.950265533262702800e-01 -2.744171102021640829e-01 4.697722161861434681e-02
-1.950265533262697804e-01 2.744171102021642494e-01 -4.697722161861337536e-02
-1.873767889558228261e-01 -2.778793973107102078e-01 3.477488422671201618e-02
-1.873767889558222710e-01 2.778793973107104853e-01 -3.477488422671118351e-02
-1.799180960474033864e-01 -2.815122326626330329e-01 2.252523422628925978e-02
-1.799180960474032198e-01 2.815122326626331439e-01 -2.252523422628901345e-02
-1.786846537750570729e-01 -9.417296240552450737e-01 1.610153809007104364e-01
-1.786846537750566011e-01 9.417296240552450737e-01 -1.610153809007109083e-01
-1.726286214827925658e-01 -2.853339771260224311e-01 1.024493775176762642e-02
-1.726286214827922882e-01 2.853339771260225977e-01 -1.024493775176738182e-02
-1.654852276087345475e-01 -2.893612798103102346e-01 -2.049297366689636392e-03
-1.654852276087341312e-01 2.893612798103104566e-01 2.049297366690325944e-03
-1.584636073639523191e-01 -2.936089979943493078e-01 -1.434074433484343325e-02
-1.584636073639521525e-01 2.936089979943493633e-01 1.434074433484367785e-02
-1.544788362168732776e-01 -9.397831964036768015e-01 1.716695993045598556e-01
-1.544788362168728058e-01 9.397831964036768015e-01 -1.716695993045600499e-01
-1.515384042185260460e-01 -2.980901244749312173e-01 -2.661268015183953367e-02
-1.515384042185257685e-01 2.980901244749313839e-01 2.661268015184037328e-02
-1.446833364558907375e-01 -3.028157226199922891e-01 -3.884840836252247132e-02
-1.446833364558903212e-01 3.028157226199925112e-01 3.884840836252315133e-02
-1.378713253110821213e-01 -3.077948693812321279e-01 -5.103128177361809792e-02
-1.378713253110816217e-01 3.077948693812325720e-01 5.103128177361863221e-02
-1.310746264640519076e-01 -3.130346064903982151e-01 -6.314472510290353169e-02
-1.310746264640517134e-01 3.130346064903981596e-01 6.314472510290349005e-02
-1.304237944455894360e-01 -9.368344786921114498e-01 1.820902544133111978e-01
-1.304237944455889919e-01 9.368344786921112277e-01 -1.820902544133114198e-01
-1.242649643739975607e-01 -3.185399000321373908e-01 -7.517225753053222159e-02
-1.242649643739972692e-01 3.185399000321376684e-01 7.517225753053274895e-02
-1.174136689297045205e-01 -3.243136085542618896e-01 -8.709751512184779609e-02
-1.174136689297040903e-01 3.243136085542623892e-01 8.709751512184889244e-02
-1.104918138819722673e-01 -3.303564598435723143e-01 -9.890427309116306409e-02
-1.104918138819721840e-01 3.303564598435724253e-01 9.890427309116342491e-02
-1.065646153895837556e-01 -9.328975744083934929e-01 1.922631685125981704e-01
-1.065646153895824649e-01 9.328975744083936039e-01 -1.922631685125983370e-01
-1.034703565172713224e-01 -3.366670364622221800e-01 -1.105764678762205799e-01
-1.034703565172711698e-01 3.366670364622225131e-01 1.105764678762215236e-01
-9.632027802691775498e-02 -3.432417701060754833e-01 -1.220982189933139811e-01
-9.632027802691731089e-02 3.432417701060757609e-01 1.220982189933143558e-01
-8.901272402327881084e-02 -3.500749448127145613e-01 -1.334538506433064486e-01
-8.901272402327825572e-02 3.500749448127150609e-01 1.334538506433072258e-01
-8.294540946964376604e-02 -9.279889846894009420e-01 2.021745009495187761e-01
-8.294540946964246153e-02 9.279889846894007199e-01 -2.021745009495194423e-01
-8.151914465380652453e-02 -3.571587090129066944e-01 -1.446279130391858458e-01
-8.151914465380638575e-02 3.571587090129068054e-01 1.446279130391860679e-01
-7.381143376508893239e-02 -3.644830963854432948e-01 -1.556052034261035388e-01
-7.381143376508858545e-02 3.644830963854437389e-01 1.556052034261042882e-01
-6.586206657256211960e-02 -3.720360554415882426e-01 -1.663707867653326788e-01
-6.586206657256166164e-02 3.720360554415891308e-01 1.663707867653339278e-01
-5.960917429891783581e-02 -9.221275427592361407e-01 2.118107669633924051e-01
-5.960917429891738478e-02 9.221275427592360296e-01 -2.118107669633925716e-01
-5.764423529707577570e-02 -3.798034877319010905e-01 -1.769100160539781863e-01
-5.764423529707564386e-02 3.798034877319009794e-01 1.769100160539777700e-01
-4.913198223706871648e-02 -3.877692945351857157e-01 -1.872085522527976720e-01
-4.913198223706836953e-02 3.877692945351859377e-01 1.872085522527978663e-01
-4.030032975471123380e-02 -3.959154318568208208e-01 -1.972523837950450054e-01
-4.030032975471072726e-02 3.959154318568212094e-01 1.972523837950455605e-01
-3.659766268463231914e-02 -9.153343403346536622e-01 2.211588560323107799e-01
-3.659766268463103545e-02 9.153343403346531071e-01 -2.211588560323113906e-01
-3.112540666596315744e-02 -4.042219735318293150e-01 -2.070278456497542108e-01
-3.112540666596246702e-02 4.042219735318299811e-01 2.070278456497550990e-01
-2.158457053799985037e-02 -4.126671821970087639e-01 -2.165216379135586344e-01
-2.158457053799965955e-02 4.126671821970090415e-01 2.165216379135590508e-01
-1.395125541153703110e-02 -9.076326462776079795e-01 2.302060497105232195e-01
-1.395125541153658180e-02 9.076326462776078685e-01 -2.302060497105234138e-01
-1.165652541287911029e-02 -4.212275878662129491e-01 -2.257208439057340199e-01
-1.165652541287862110e-02 4.212275878662128936e-01 2.257208439057339922e-01
-1.321434493540356173e-03 -4.298780738137027435e-01 -2.346129477418566478e-01
-1.321434493539669222e-03 4.298780738137031321e-01 2.346129477418570364e-01
8.291160731069432965e-03 -8.990478178036476198e-01 2.389400389323857454e-01
8.291160731070668088e-03 8.990478178036471757e-01 -2.389400389323861340e-01
9.438972652748090289e-03 -4.385919694423972559e-01 -2.431858513621626416e-01
9.438972652748204781e-03 4.385919694423970894e-01 2.431858513621624751e-01
2.064129879770403714e-02 -4.473411497869895781e-01 -2.514278909914319238e-01
2.064129879770447429e-02 4.473411497869900222e-01 2.514278909914322568e-01
3.009230923675665706e-02 -8.896072045825218488e-01 2.473489407593340295e-01
3.009230923675708727e-02 8.896072045825215158e-01 -2.473489407593341682e-01
3.230038406401319895e-02 -4.560961412763834266e-01 -2.593278530080227462e-01
3.230038406401387896e-02 4.560961412763842038e-01 2.593278530080234123e-01
4.442921762402290975e-02 -4.648262333557516834e-01 -2.668749892004457225e-01
4.442921762402377711e-02 4.648262333557517945e-01 2.668749892004459445e-01
5.141663406330080482e-02 -8.793400460937796925e-01 2.554213145470897728e-01
5.141663406330197750e-02 8.793400460937791374e-01 -2.554213145470902724e-01
5.703885643794188304e-02 -4.734995955459385675e-01 -2.740590313907296793e-01
5.703885643794219529e-02 4.734995955459391781e-01 2.740590313907301789e-01
7.013835135769828921e-02 -4.820833994969173641e-01 -2.808702054046896546e-01
7.013835135769888596e-02 4.820833994969174752e-01 2.808702054046897656e-01
7.223040331055508023e-02 -8.682773626251261145e-01 2.631461775111147428e-01
7.223040331055624597e-02 8.682773626251255594e-01 -2.631461775111150203e-01
8.373468089476139575e-02 -4.905439455726453013e-01 -2.872992443700730369e-01
8.373468089476229781e-02 4.905439455726459119e-01 2.872992443700734810e-01
9.250180602198374014e-02 -8.564518403248861933e-01 2.705130196691204469e-01
9.250180602198412871e-02 8.564518403248859713e-01 -2.705130196691205580e-01
9.783269292120463922e-02 -4.988467934871281817e-01 -2.933374013245118039e-01
9.783269292120480576e-02 4.988467934871281817e-01 2.933374013245118039e-01
1.122010417630026208e-01 -8.438977107418954571e-01 2.775118181403175566e-01
1.122010417630037171e-01 8.438977107418945689e-01 -2.775118181403180007e-01
1.124350545432696580e-01 -5.069568964956718826e-01 -2.989764611161064845e-01
1.124350545432703102e-01 5.069568964956725488e-01 2.989764611161068730e-01
1.275422103557520004e-01 -5.148387386314657865e-01 -3.042087515804703379e-01
1.275422103557529718e-01 5.148387386314667857e-01 3.042087515804708930e-01
1.313004026565088023e-01 -8.306506253065097933e-01 2.841330507819439521e-01
1.313004026565092464e-01 8.306506253065100154e-01 -2.841330507819439521e-01
1.431523492537483955e-01 -5.224564744656226001e-01 -3.090271539790110933e-01
1.431523492537494779e-01 5.224564744656228221e-01 3.090271539790113153e-01
1.497743475844477978e-01 -8.167475252250886442e-01 2.903677091445142633e-01
1.497743475844487970e-01 8.167475252250877560e-01 -2.903677091445147074e-01
1.592613799459155766e-01 -5.297740708588392078e-01 -3.134251126842561574e-01
1.592613799459159929e-01 5.297740708588392078e-01 3.134251126842562130e-01
1.675995682938405951e-01 -8.022265072771271877e-01 2.962073107281751883e-01
1.675995682938409281e-01 8.022265072771268546e-01 -2.962073107281753548e-01
1.758629152803838080e-01 -5.367554501648599263e-01 -3.173966440990448890e-01
1.758629152803845852e-01 5.367554501648602594e-01 3.173966440990450555e-01
1.847550471761854607e-01 -7.871266860192870363e-01 3.016439105234814400e-01
1.847550471761863489e-01 7.871266860192860371e-01 -3.016439105234817730e-01
1.929482654610797099e-01 -5.433646343399662904e-01 -3.209363447974504235e-01
1.929482654610809034e-01 5.433646343399669565e-01 3.209363447974507011e-01
2.012221065205826442e-01 -7.714880529136347587e-01 3.066701118208962629e-01
2.012221065205835047e-01 7.714880529136338705e-01 -3.066701118208965959e-01
2.105064401984607092e-01 -5.495658894088603086e-01 -3.240393988763536903e-01
2.105064401984609868e-01 5.495658894088605306e-01 3.240393988763537458e-01
2.169844490730197251e-01 -7.553513329085954631e-01 3.112790762743082862e-01
2.169844490730200026e-01 7.553513329085951300e-01 -3.112790762743083972e-01
2.285241598047979550e-01 -5.553238697355109554e-01 -3.267015845076701175e-01
2.285241598047984546e-01 5.553238697355105113e-01 3.267015845076700620e-01
2.320281897670513627e-01 -7.387578390102716996e-01 3.154645332048723327e-01
2.320281897670523064e-01 7.387578390102711445e-01 -3.154645332048724438e-01
2.463418785243359221e-01 -7.217493253889286642e-01 3.192207881325164198e-01
2.463418785243362552e-01 7.217493253889283311e-01 -3.192207881325165308e-01
2.469858752102000177e-01 -5.606037615478260960e-01 -3.289192796823151577e-01
2.469858752102009891e-01 5.606037615478260960e-01 3.289192796823151577e-01
2.599165140571176869e-01 -7.043678395705194051e-01 3.225427305235077924e-01
2.599165140571185195e-01 7.043678395705186279e-01 -3.225427305235079589e-01
2.658737968416770014e-01 5.653714251673971347e-01 3.306894671380911088e-01
2.658737968416770570e-01 -5.653714251673974678e-01 -3.306894671380911643e-01
2.727455486386383687e-01 -6.866555742661289985e-01 3.254258407435368650e-01
2.727455486386385908e-01 6.866555742661285544e-01 -3.254258407435368650e-01
2.848248838414166872e-01 -6.686547193931517974e-01 3.278661962068579738e-01
2.848248838414172979e-01 6.686547193931506872e-01 -3.278661962068581404e-01
2.851679322739070210e-01 -5.695935354000005724e-01 -3.320097384647914263e-01
2.851679322739075761e-01 5.695935354000006834e-01 3.320097384647914263e-01
2.961528572773467483e-01 -6.504073148408163751e-01 3.298604767131243509e-01
2.961528572773474144e-01 6.504073148408153759e-01 -3.298604767131244064e-01
3.048461325270591660e-01 -5.732377195490916399e-01 -3.328782973809384371e-01
3.048461325270602762e-01 5.732377195490920840e-01 3.328782973809384926e-01
3.067302204073785177e-01 -6.319551045294655722e-01 3.314059689646506324e-01
3.067302204073786842e-01 6.319551045294651281e-01 -3.314059689646506879e-01
3.165601075221352034e-01 -6.133393923076242427e-01 3.325005702579629241e-01
3.165601075221357030e-01 6.133393923076231324e-01 -3.325005702579629796e-01
3.248841468541169286e-01 -5.762726925230537978e-01 -3.332939621776959682e-01
3.248841468541179278e-01 5.762726925230534647e-01 3.332939621776959682e-01
3.256479960279923258e-01 -5.946009002235490559e-01 3.331427913446101119e-01
3.256479960279923258e-01 5.946009002235483898e-01 -3.331427913446101674e-01
3.333648253025143782e-01 -4.099214359906646482e-03 6.147582274366310447e-03
3.333648253025143782e-01 4.099214359906186780e-03 -6.147582274365473443e-03
3.336163597528167823e-01 1.231188656202974498e-02 -1.843438279371404503e-02
3.336163597528168379e-01 -1.231188656202991151e-02 1.843438279371429137e-02
3.340016582058017436e-01 -5.757796296985467910e-01 3.333317584573451953e-01
3.340016582058021322e-01 5.757796296985455697e-01 -3.333317584573451953e-01
3.341172902131899769e-01 2.056721909768551709e-02 -3.069610260450356815e-02
3.341172902131900324e-01 -2.056721909768598200e-02 3.069610260450440775e-02
3.348633486431698558e-01 2.889341875241996371e-02 -4.291605915085998368e-02
3.348633486431699113e-01 -2.889341875242013025e-02 4.291605915086022655e-02
3.358481550481910993e-01 3.731834311635259804e-02 -5.507762669748368645e-02
3.358481550481911548e-01 -3.731834311635307683e-02 5.507762669748392931e-02
3.370632438642422457e-01 -4.586936282183308455e-02 6.716425894962466114e-02
3.370632438642422457e-01 4.586936282183291108e-02 -6.716425894962442522e-02
3.384980989799538653e-01 -5.457322568817971065e-02 7.915951156497089136e-02
3.384980989799538653e-01 5.457322568817923880e-02 -7.915951156497065544e-02
3.401401972619283454e-01 6.345592330594543307e-02 -9.104706452682910511e-02
3.401401972619285674e-01 -6.345592330594596042e-02 9.104706452682989615e-02
3.416311046414737818e-01 -5.569147261179407948e-01 3.330672144989202943e-01
3.416311046414738373e-01 5.569147261179403507e-01 -3.330672144989202943e-01
3.419750604165264773e-01 7.254256058387276163e-02 -1.028107443481544592e-01
3.419750604165265884e-01 -7.254256058387295591e-02 1.028107443481546812e-01
3.439863149893654382e-01 8.185722877044271373e-02 -1.144345460762190292e-01
3.439863149893656047e-01 -8.185722877044326884e-02 1.144345460762198063e-01
3.452556858279117735e-01 -5.786683885175274433e-01 -3.332561673266302704e-01
3.452556858279124397e-01 5.786683885175278874e-01 3.332561673266302704e-01
3.461557602725758298e-01 9.142288244873428282e-02 -1.259026550679882839e-01
3.461557602725759963e-01 -9.142288244873449099e-02 1.259026550679885059e-01
3.484634438595235473e-01 1.012612209881869618e-01 -1.371994685065633657e-01
3.484634438595238803e-01 -1.012612209881875447e-01 1.371994685065641151e-01
3.485485195588674534e-01 -5.380443473422708012e-01 3.323495193918778456e-01
3.485485195588680640e-01 5.380443473422701350e-01 -3.323495193918778456e-01
3.508877445573592713e-01 1.113925749199478760e-01 -1.483096166294404217e-01
3.508877445573593268e-01 -1.113925749199480980e-01 1.483096166294406437e-01
3.534054623394891625e-01 1.218357976837465828e-01 -1.592179836396728776e-01
3.534054623394893291e-01 -1.218357976837471657e-01 1.592179836396735992e-01
3.547681883158358973e-01 -5.192055366260504012e-01 3.311796495888614245e-01
3.547681883158361194e-01 5.192055366260491800e-01 -3.311796495888613134e-01
3.559919149930302340e-01 1.326081631738502686e-01 -1.699097282715206492e-01
3.559919149930304560e-01 -1.326081631738509070e-01 1.699097282715213986e-01
3.586210410905452672e-01 -1.437252694895843064e-01 1.803703039825747534e-01
3.586210410905452672e-01 1.437252694895840566e-01 -1.803703039825745313e-01
3.603064173536263404e-01 -5.004341004143760818e-01 3.295591967441134917e-01
3.603064173536264514e-01 5.004341004143757488e-01 -3.295591967441134362e-01
3.612655088910338153e-01 1.552009492723370188e-01 -1.905854787449065002e-01
3.612655088910340373e-01 -1.552009492723377404e-01 1.905854787449071941e-01
3.638968307522965073e-01 1.670471869859210812e-01 -2.005413544083072541e-01
3.638968307522965628e-01 -1.670471869859213032e-01 2.005413544083074484e-01
3.651814469181331457e-01 -4.817644914688315461e-01 3.274903655479665110e-01
3.651814469181333678e-01 4.817644914688303803e-01 -3.274903655479664000e-01
3.659324925064861844e-01 -5.803960887666975710e-01 -3.327649642491344872e-01
3.659324925064868506e-01 5.803960887666972379e-01 3.327649642491344872e-01
3.664854826155382606e-01 1.792740434707520425e-01 -2.102243856092707031e-01
3.664854826155386491e-01 -1.792740434707527641e-01 2.102243856092713692e-01
3.690010281034706852e-01 1.918895880746729898e-01 -2.196213981999978193e-01
3.690010281034708517e-01 -1.918895880746732951e-01 2.196213981999979858e-01
3.694133568985413785e-01 -4.632296977536080052e-01 3.249759707272745768e-01
3.694133568985414340e-01 4.632296977536076721e-01 -3.249759707272744658e-01
3.714122467553203077e-01 2.048998386344105527e-01 -2.287196071723465451e-01
3.714122467553205853e-01 -2.048998386344113298e-01 2.287196071723471835e-01
3.730239661546487229e-01 -4.448611374906153437e-01 3.220194332158656803e-01
3.730239661546487229e-01 4.448611374906141780e-01 -3.220194332158654582e-01
3.736872659060915258e-01 -2.183087095518153886e-01 2.375066340523446784e-01
3.736872659060917479e-01 2.183087095518148335e-01 -2.375066340523445119e-01
3.757936957032424474e-01 2.321179681782175042e-01 -2.459705237415890089e-01
3.757936957032425029e-01 -2.321179681782177817e-01 2.459705237415891754e-01
3.760367257284916165e-01 -4.266885607686463633e-01 3.186247755002253879e-01
3.760367257284916165e-01 4.266885607686459747e-01 -3.186247755002252768e-01
3.776987667416721317e-01 -2.463271996886624848e-01 2.540997607826369076e-01
3.776987667416722982e-01 2.463271996886618187e-01 -2.540997607826367410e-01
3.784766063587199358e-01 -4.087399580665572185e-01 3.147966161467458113e-01
3.784766063587199914e-01 4.087399580665561638e-01 -3.147966161467455337e-01
3.793694697876076050e-01 2.609337805954279332e-01 -2.618832850262380885e-01
3.793694697876076605e-01 -2.609337805954282108e-01 2.618832850262382550e-01
3.803699807374019137e-01 -3.910414760238797305e-01 3.105401635179807496e-01
3.803699807374021913e-01 3.910414760238790088e-01 -3.105401635179806941e-01
3.807726970536882138e-01 2.759328610174070495e-01 -2.693105066791084967e-01
3.807726970536884359e-01 -2.759328610174079932e-01 2.693105066791089408e-01
3.817445009685197510e-01 -3.736173407646046218e-01 3.058612086864644919e-01
3.817445009685198620e-01 3.736173407646042888e-01 -3.058612086864644364e-01
3.818753844812907694e-01 2.913173557885562204e-01 -2.763713207117635129e-01
3.818753844812908249e-01 -2.913173557885571641e-01 2.763713207117639570e-01
3.826289717052220873e-01 -3.564897890509171052e-01 3.007661175557262978e-01
3.826289717052220873e-01 3.564897890509160505e-01 -3.007661175557259092e-01
3.826446544819342988e-01 -3.070779444549877057e-01 2.830561206068104019e-01
3.826446544819342988e-01 3.070779444549873727e-01 -2.830561206068102909e-01
3.830479585874951298e-01 3.232030801764186889e-01 -2.893558114289950245e-01
3.830479585874951853e-01 -3.232030801764196326e-01 2.893558114289954686e-01
3.830532194589262307e-01 -3.396790075137836595e-01 2.952618221992261427e-01
3.830532194589262862e-01 3.396790075137833265e-01 -2.952618221992260317e-01
3.868844214246596747e-01 -5.814285448717964044e-01 -3.318210212464676179e-01
3.868844214246607849e-01 5.814285448717964044e-01 3.318210212464675624e-01
4.080795251298723336e-01 -5.817400972314689112e-01 -3.304256225905040645e-01
4.080795251298724446e-01 5.817400972314690222e-01 3.304256225905040090e-01
4.294841479516186000e-01 -5.813067881166686934e-01 -3.285806667764311628e-01
4.294841479516193772e-01 5.813067881166689155e-01 3.285806667764310518e-01
4.510630266662421506e-01 -5.801064689526598261e-01 -3.262886639397707400e-01
4.510630266662435384e-01 5.801064689526602702e-01 3.262886639397705180e-01
4.727793976924821173e-01 -5.781189013921613773e-01 -3.235527324412402761e-01
4.727793976924833386e-01 5.781189013921609332e-01 3.235527324412401651e-01
4.945951104282720889e-01 -5.753258517867618771e-01 -3.203765946241001750e-01
4.945951104282723110e-01 5.753258517867616550e-01 3.203765946241002305e-01
5.164707463157789391e-01 -5.717111786883120050e-01 -3.167645717497580282e-01
5.164707463157796052e-01 5.717111786883117830e-01 3.167645717497579172e-01
5.383657431997506126e-01 -5.672609130379412390e-01 -3.127215781185201937e-01
5.383657431997519449e-01 5.672609130379411280e-01 3.127215781185198606e-01
5.602385245239189793e-01 -5.619633307276478140e-01 -3.082531143834918996e-01
5.602385245239193123e-01 5.619633307276480361e-01 3.082531143834917331e-01
5.820466328916387155e-01 -5.558090172478534763e-01 -3.033652600667217092e-01
5.820466328916390486e-01 5.558090172478529212e-01 3.033652600667218202e-01
6.037468675001456120e-01 -5.487909241638772029e-01 -2.980646652877701475e-01
6.037468675001463891e-01 5.487909241638766478e-01 2.980646652877700364e-01
6.252954249428183120e-01 -5.409044171948325097e-01 -2.923585417159572097e-01
6.252954249428197553e-01 5.409044171948318436e-01 2.923585417159567656e-01
6.466480428608081255e-01 -5.321473156998228760e-01 -2.862546527586010692e-01
6.466480428608085695e-01 5.321473156998228760e-01 2.862546527586009582e-01
6.677601459142687990e-01 -5.225199234084902944e-01 -2.797613029985969724e-01
6.677601459142696871e-01 5.225199234084899613e-01 2.797613029985965838e-01
6.885869935343391646e-01 -5.120250502657069935e-01 -2.728873268956983345e-01
6.885869935343400527e-01 5.120250502657059943e-01 2.728873268956982234e-01
7.090838289098884140e-01 -5.006680252934999631e-01 -2.656420767668893901e-01
7.090838289098889691e-01 5.006680252935002962e-01 2.656420767668890015e-01
7.292060286580746009e-01 -4.884567004069332308e-01 -2.580354100621817803e-01
7.292060286580748230e-01 4.884567004069327312e-01 2.580354100621817248e-01
7.489092526247570492e-01 -4.754014451545349740e-01 -2.500776759531685434e-01
7.489092526247579373e-01 4.754014451545343078e-01 2.500776759531680993e-01
7.681495932599702314e-01 -4.615151323879390088e-01 -2.417797012525609301e-01
7.681495932599716747e-01 4.615151323879381762e-01 2.417797012525601530e-01
7.868837240148645051e-01 -4.468131148993371715e-01 -2.331527756838827070e-01
7.868837240148650602e-01 4.468131148993370605e-01 2.331527756838823184e-01
8.050690462098377687e-01 -4.313131930992676333e-01 -2.242086365213561694e-01
8.050690462098386568e-01 4.313131930992671892e-01 2.242086365213553922e-01
8.226638338289765651e-01 -4.150355738408243456e-01 -2.149594526208695178e-01
8.226638338289774532e-01 4.150355738408233464e-01 2.149594526208691847e-01
8.396273757033119178e-01 -3.980028205296244348e-01 -2.054178078637719507e-01
8.396273757033121399e-01 3.980028205296242128e-01 2.054178078637720894e-01
8.559201145549044654e-01 -3.802397946915426763e-01 -1.955966840360017500e-01
8.559201145549049095e-01 3.802397946915421767e-01 1.955966840360015002e-01
8.715037823851945475e-01 -3.617735892022689859e-01 -1.855094431658500798e-01
8.715037823851955467e-01 3.617735892022682087e-01 1.855094431658493304e-01
8.863415317044373021e-01 -3.426334534140801358e-01 -1.751698093443943560e-01
8.863415317044386343e-01 3.426334534140789145e-01 1.751698093443931348e-01
9.003980621143601315e-01 -3.228507104455901056e-01 -1.645918500533254114e-01
9.003980621143601315e-01 3.228507104455896615e-01 1.645918500533257445e-01
9.136397417732760040e-01 -3.024586669296993047e-01 -1.537899570255892856e-01
9.136397417732762261e-01 3.024586669296984165e-01 1.537899570255890913e-01
9.260347232918308968e-01 -2.814925155432467241e-01 -1.427788266648516435e-01
9.260347232918315630e-01 2.814925155432454473e-01 1.427788266648509496e-01
9.375530536281139193e-01 -2.599892306690177457e-01 -1.315734400504651735e-01
9.375530536281139193e-01 2.599892306690175792e-01 1.315734400504650625e-01
9.481667775731340564e-01 -2.379874575665210656e-01 -1.201890425551195296e-01
9.481667775731346115e-01 2.379874575665204550e-01 1.201890425551189190e-01
9.578500344414360157e-01 -2.155273954523209690e-01 -1.086411231028997781e-01
9.578500344414364598e-01 2.155273954523198310e-01 1.086411231028997643e-01
9.665791476068147370e-01 -1.926506749136337460e-01 -9.694539309600003207e-02
9.665791476068151811e-01 1.926506749136321084e-01 9.694539309599947696e-02
9.743327065497254802e-01 -1.694002301001305555e-01 -8.511776503872893473e-02
9.743327065497254802e-01 1.694002301001300836e-01 8.511776503872900412e-02
9.810916411107732937e-01 -1.458201661585493136e-01 -7.317433088792593687e-02
9.810916411107735158e-01 1.458201661585483699e-01 7.317433088792545115e-02
9.868392876737003272e-01 -1.219556223925447325e-01 -6.113134015920795861e-02
9.868392876737006603e-01 1.219556223925432892e-01 6.113134015920693165e-02
9.915614470312854589e-01 -9.785263164632596045e-02 -4.900517781886274543e-02
9.915614470312857920e-01 9.785263164632575228e-02 4.900517781886233604e-02
9.952464337185614740e-01 -7.355797642477254761e-02 -3.681234199145623498e-02
9.952464337185618071e-01 7.355797642477182596e-02 3.681234199145527741e-02
9.978851166295191755e-01 -4.911904227498099795e-02 -2.456942151347185632e-02
9.978851166295192865e-01 4.911904227497976283e-02 2.456942151347152672e-02
9.994709507659338410e-01 -2.458366896453369199e-02 -1.229307336355027480e-02
9.994709507659338410e-01 2.458366896453193298e-02 1.229307336354939703e-02
1.000000000000000000e+00 0.000000000000000000e+00 0.000000000000000000e+00
