-9.966969721841923979e-01 -5.312167009093451964e-02 3.543116188245503534e-02
-9.966969721841923979e-01 5.312167009093544945e-02 -3.543116188245565290e-02
-9.706156414438825708e-01 -1.563804982510894892e-01 1.046922373406490442e-01
-9.706156414438822377e-01 1.563804982510903774e-01 -1.046922373406496409e-01
-9.202451442012608007e-01 -2.509607388301462461e-01 1.692219334462798375e-01
-9.202451442012603566e-01 2.509607388301470232e-01 -1.692219334462803648e-01
-8.489980346200918238e-01 -3.319656426549468797e-01 2.261039454232048884e-01
-8.489980346200909356e-01 3.319656426549478789e-01 -2.261039454232055546e-01
-7.615809837610969524e-01 -3.957383892253306112e-01 2.727675919693895445e-01
-7.615809837610961752e-01 3.957383892253310553e-01 -2.727675919693898776e-01
-6.635468118875778032e-01 -4.401807201126831104e-01 3.071039926234707118e-01
-6.635468118875764709e-01 4.401807201126835545e-01 -3.071039926234710449e-01
-5.607698411361472512e-01 -4.649159392444034422e-01 3.275613748641735823e-01
-5.607698411361463631e-01 4.649159392444036087e-01 -3.275613748641736933e-01
-4.588972424686437734e-01 -4.712803428607602596e-01 3.332152037078175422e-01
-4.588972424686424967e-01 4.712803428607602041e-01 -3.332152037078174867e-01
-3.628313836460078101e-01 -4.621444755293843132e-01 3.238099644215699513e-01
-3.628313836460073660e-01 4.621444755293842022e-01 -3.238099644215698958e-01
-2.762949567314302302e-01 -4.415827948860633345e-01 2.997707100570734529e-01
-2.762949567314291199e-01 4.415827948860630014e-01 -2.997707100570730088e-01
-2.015222020794018021e-01 -4.144256278140055483e-01 2.621838519342142293e-01
-2.015222020794015245e-01 4.144256278140054928e-01 -2.621838519342140073e-01
-1.391067081993916099e-01 -3.857391666123770602e-01 2.127480612149407480e-01
-1.391067081993907495e-01 3.857391666123765051e-01 -2.127480612149398875e-01
-8.802035338175602519e-02 -3.602864849896652566e-01 1.536975004831087621e-01
-8.802035338175581702e-02 3.602864849896652011e-01 -1.536975004831084846e-01
-4.580057682421540682e-02 -3.420244191902682696e-01 8.770085474250802204e-02
-4.580057682421482396e-02 3.420244191902680475e-01 -8.770085474250700897e-02
-8.886083605965256621e-03 -3.336874710566012370e-01 1.774072494739314595e-02
-8.886083605964795185e-03 3.336874710566012370e-01 -1.774072494739222655e-02
2.693397131571622152e-02 -3.365010213045899201e-01 -5.302116533968964651e-02
2.693397131571677316e-02 3.365010213045900866e-01 5.302116533969070122e-02
6.600378538597131972e-02 -3.500529909813152596e-01 -1.213868584176070742e-01
6.600378538597187483e-02 3.500529909813154816e-01 1.213868584176079346e-01
1.122709588780323453e-01 -3.723369885735323681e-01 -1.842666884537302041e-01
1.122709588780331919e-01 3.723369885735327012e-01 1.842666884537312033e-01
1.687974499857104460e-01 -3.999625597264026000e-01 -2.388189134327714236e-01
1.687974499857112509e-01 3.999625597264029886e-01 2.388189134327720620e-01
2.373619426644148211e-01 -4.285111797922841470e-01 -2.825781426298902832e-01
2.373619426644148211e-01 4.285111797922841470e-01 2.825781426298903387e-01
3.181948637095858845e-01 -4.530018153253379531e-01 -3.135667555570109122e-01
3.181948637095869392e-01 4.530018153253381752e-01 3.135667555570112452e-01
4.098738293737795857e-01 -4.684187291549347654e-01 -3.303842770013356578e-01
4.098738293737796967e-01 4.684187291549348764e-01 3.303842770013357133e-01
5.093910232281899653e-01 -4.702478441019151134e-01 -3.322706690102500415e-01
5.093910232281912975e-01 4.702478441019151134e-01 3.322706690102499860e-01
6.123865539227977273e-01 -4.549670570477562515e-01 -3.191406794540018188e-01
6.123865539227979493e-01 4.549670570477561959e-01 3.191406794540018188e-01
7.135249809218758843e-01 -4.204405020233286661e-01 -2.915876948439870553e-01
7.135249809218763284e-01 4.204405020233284995e-01 2.915876948439869443e-01
8.069776352690307686e-01 -3.661764326111901502e-01 -2.508569232853796183e-01
8.069776352690312127e-01 3.661764326111899281e-01 2.508569232853794517e-01
8.869625754260521688e-01 -2.934221519956693447e-01 -1.987891195128338451e-01
8.869625754260523909e-01 2.934221519956689006e-01 1.987891195128335675e-01
9.482880978367159708e-01 -2.050858715712294000e-01 -1.377373952561262715e-01
9.482880978367163038e-01 2.050858715712290670e-01 1.377373952561260495e-01
9.868452682531777542e-01 -1.054928614940076892e-01 -7.046087454320823507e-02
9.868452682531778652e-01 1.054928614940072173e-01 7.046087454320790200e-02
1.000000000000000000e+00 0.000000000000000000e+00 0.000000000000000000e+00
