-9.989600554895547990e-01 9.376194287348857404e-02 1.105553326280936562e-02
-9.989600554895546880e-01 1.060451722745582859e-01 -1.105553326281060421e-02
-9.982050242351299119e-01 8.147567930439983397e-02 3.315991426005258230e-02
-9.982050242351299119e-01 1.183012277433761333e-01 -3.315991426005302639e-02
-9.966958976455658759e-01 6.921050663199564135e-02 5.524424271505338352e-02
-9.966958976455657648e-01 1.305059887822910825e-01 -5.524424271505462558e-02
-9.944345462998859242e-01 5.699050127818530015e-02 7.729516374016955071e-02
-9.944345462998858132e-01 1.426353881028038784e-01 -7.729516374016999480e-02
-9.914237729194685933e-01 4.483965714801935870e-02 9.929934264997614113e-02
-9.914237729194683713e-01 1.546654454982576143e-01 -9.929934264997736237e-02
-9.876673085962491827e-01 3.278185187107079263e-02 1.212434730250545600e-01
-9.876673085962490717e-01 1.665723016003780310e-01 -1.212434730250549902e-01
-9.831698077716324313e-01 2.084081320437370516e-02 1.431142847586758804e-01
-9.831698077716322093e-01 1.783322514735814490e-01 -1.431142847586771016e-01
-9.779368419729383977e-01 9.040085642783628195e-03 1.648985520815375305e-01
-9.779368419729380646e-01 1.899217780011573375e-01 -1.648985520815387518e-01
-9.719748923158928466e-01 -2.597002717631676037e-03 1.865831015596766673e-01
-9.719748923158927356e-01 2.013175850177428006e-01 -1.865831015596770837e-01
-9.652913407833524362e-01 -1.404737301793159213e-02 2.081548200607425958e-01
-9.652913407833519921e-01 2.124966301428341808e-01 -2.081548200607438170e-01
-9.578944602921108942e-01 -2.528822813152329166e-02 2.296006626838040521e-01
-9.578944602921107832e-01 2.234361572704889054e-01 -2.296006626838044684e-01
-9.497934035612907167e-01 -3.629708477188310634e-02 2.509076606478869431e-01
-9.497934035612902726e-01 2.341137286708509235e-01 -2.509076606478881089e-01
-9.409981907974396265e-01 -4.705180516894028747e-02 2.720629291344926481e-01
-9.409981907974394044e-01 2.445072566596406261e-01 -2.720629291344930367e-01
-9.315196962130721792e-01 -5.753062827084885755e-02 2.930536750793304446e-01
-9.315196962130717351e-01 2.545950347923605639e-01 -2.930536750793316103e-01
-9.213696333969706442e-01 -6.771220042854561583e-02 3.138672049085751148e-01
-9.213696333969700891e-01 2.643557685405920621e-01 -3.138672049085762805e-01
-9.105605395561281457e-01 -7.757560552117176433e-02 3.344909322149505204e-01
-9.105605395561279236e-01 2.737686054084821907e-01 -3.344909322149509090e-01
-8.991057586507442689e-01 -8.710039448121868755e-02 3.549123853690135388e-01
-8.991057586507436028e-01 2.828131644482702600e-01 -3.549123853690146491e-01
-8.870194234451890258e-01 -9.626661417906201557e-02 3.751192150610297982e-01
-8.870194234451888038e-01 2.914695651345197147e-01 -3.751192150610302423e-01
-8.743164364993296633e-01 -1.050548356274221412e-01 3.950992017688730318e-01
-8.743164364993288862e-01 2.997184555576068998e-01 -3.950992017688740865e-01
-8.610124501260392194e-01 -1.134461814672257651e-01 4.148402631474482627e-01
-8.610124501260389973e-01 3.075410398979243620e-01 -4.148402631474486513e-01
-8.471238453421325865e-01 -1.214223526973040035e-01 4.343304613351517962e-01
-8.471238453421319203e-01 3.149191051432562727e-01 -4.343304613351529064e-01
-8.326677098413187705e-01 -1.289656546114121838e-01 4.535580101729679847e-01
-8.326677098413177713e-01 3.218350470127933627e-01 -4.535580101729689839e-01
-8.176618150191085066e-01 -1.360590219071162454e-01 4.725112823318188271e-01
-8.176618150191081735e-01 3.282718950523512702e-01 -4.725112823318192712e-01
-8.021245920808891539e-01 -1.426860429322346913e-01 4.911788163438725596e-01
-8.021245920808882657e-01 3.342133368664724768e-01 -4.911788163438736698e-01
-7.860751072656274596e-01 -1.488309830356900343e-01 5.095493235335509796e-01
-7.860751072656272376e-01 3.396437414542689548e-01 -5.095493235335513127e-01
-7.695330362188746998e-01 -1.544788069908427652e-01 5.276116948440399135e-01
-7.695330362188738116e-01 3.445481816170893885e-01 -5.276116948440409127e-01
-7.525186375498749136e-01 -1.596152004606517516e-01 5.453550075551899523e-01
-7.525186375498738034e-01 3.489124554073437245e-01 -5.453550075551909515e-01
-7.350527256087258099e-01 -1.642265904752987227e-01 5.627685318887247767e-01
-7.350527256087254768e-01 3.527231065891386352e-01 -5.627685318887251098e-01
-7.171566425205597728e-01 -1.683001648942698547e-01 5.798417374967806959e-01
-7.171566425205587736e-01 3.559674440827090280e-01 -5.798417374967815840e-01
-6.988522295147471253e-01 -1.718238908262608999e-01 5.965642998298449351e-01
-6.988522295147467922e-01 3.586335603660204541e-01 -5.965642998298453792e-01
-6.801617975880819289e-01 -1.747865319816970797e-01 6.129261063802378118e-01
-6.801617975880808187e-01 3.607103488083360232e-01 -6.129261063802388110e-01
-6.611080975417897854e-01 -1.771776649341118004e-01 6.289172627973772522e-01
-6.611080975417892303e-01 3.621875199119907740e-01 -6.289172627973774743e-01
-6.417142894330837288e-01 -1.789876942681097038e-01 6.445280988711091785e-01
-6.417142894330827296e-01 3.630556164401083641e-01 -6.445280988711101777e-01
-6.220039114827504712e-01 -1.802078665931617363e-01 6.597491743795047547e-01
-6.220039114827493609e-01 3.633060274095036291e-01 -6.597491743795055319e-01
-6.020008484810233096e-01 -1.808302834040184104e-01 6.745712847975694482e-01
-6.020008484810229765e-01 3.629310009295673711e-01 -6.745712847975697812e-01
-5.817292997346500405e-01 -1.808479127701021760e-01 6.889854668634280976e-01
-5.817292997346489303e-01 3.619236558694918227e-01 -6.889854668634288748e-01
-5.612137465986986040e-01 -1.802545998378311254e-01 7.029830039986099122e-01
-5.612137465986982710e-01 3.602779923377952831e-01 -7.029830039986102452e-01
-5.404789196372191684e-01 -1.790450761314446859e-01 7.165554315791564655e-01
-5.404789196372180582e-01 3.579889009597203020e-01 -7.165554315791572426e-01
-5.195497654573479895e-01 -1.772149676395367301e-01 7.296945420543718974e-01
-5.195497654573475454e-01 3.550521709397124193e-01 -7.296945420543722305e-01
-4.984514132619300986e-01 -1.747608016761549865e-01 7.423923899101100288e-01
-4.984514132619289328e-01 3.514644968978437034e-01 -7.423923899101106949e-01
-4.772091411660663862e-01 -1.716800125069944671e-01 7.546412964736070039e-01
-4.772091411660652760e-01 3.472234844707118850e-01 -7.546412964736076701e-01
-4.558483423233616327e-01 -1.679709457328943667e-01 7.664338545569440164e-01
-4.558483423233612997e-01 3.423276546690285360e-01 -7.664338545569442385e-01
-4.343944909078614747e-01 -1.636328614245393109e-01 7.777629329363410227e-01
-4.343944909078602534e-01 3.367764469857996712e-01 -7.777629329363416888e-01
-4.128731079978880114e-01 -1.586659360039650857e-01 7.886216806645683919e-01
-4.128731079978875673e-01 3.305702212507072857e-01 -7.886216806645686139e-01
-3.913097274081193122e-01 -1.530712628701804134e-01 7.990035312138652479e-01
-3.913097274081180910e-01 3.237102582279997032e-01 -7.990035312138658030e-01
-3.697298615162922242e-01 -1.468508517679173453e-01 8.089022064468690543e-01
-3.697298615162918356e-01 3.161987589569180135e-01 -8.089022064468691653e-01
-3.481589671309645029e-01 -1.400076269002455132e-01 8.183117204131421518e-01
-3.481589671309632816e-01 3.080388428353860175e-01 -8.183117204131425959e-01
-3.266224114466597661e-01 -1.325454237874843233e-01 8.272263829690135184e-01
-3.266224114466585449e-01 2.992345444494147744e-01 -8.272263829690139625e-01
-3.051454381326514365e-01 -1.244689848765656720e-01 8.356408032185332901e-01
-3.051454381326509369e-01 2.897908091523668794e-01 -8.356408032185335122e-01
-2.837531336014114669e-01 -1.157839539066907453e-01 8.435498927734694785e-01
-2.837531336014103012e-01 2.797134873999367333e-01 -8.435498927734698116e-01
-2.718454946326204769e-01 -6.573091733440239448e-01 6.634924592540096810e-01
-2.718454946326204213e-01 5.767501162503809731e-01 -6.634924592540093480e-01
-2.718151695476974106e-01 -6.383577931564859975e-01 6.782134183452491749e-01
-2.718151695476974106e-01 5.555565670413282753e-01 -6.782134183452486198e-01
-2.712624022353427589e-01 -6.759678003692081161e-01 6.483702714243045895e-01
-2.712624022353427033e-01 5.976630917235873364e-01 -6.483702714243035903e-01
-2.711646893026088412e-01 -6.191377631919408042e-01 6.925242466046189760e-01
-2.711646893026088412e-01 5.341068864670336369e-01 -6.925242466046183099e-01
-2.700735014357057984e-01 -6.943098782040552086e-01 6.328559995815354888e-01
-2.700735014357056873e-01 6.182713566063401389e-01 -6.328559995815346007e-01
-2.698881978130264203e-01 -5.996734616535901452e-01 7.064162899540075147e-01
-2.698881978130263648e-01 5.124257898233431918e-01 -7.064162899540075147e-01
-2.682872613325228972e-01 -7.123119503130340702e-01 6.169590255530806866e-01
-2.682872613325227862e-01 6.385511117466543540e-01 -6.169590255530800205e-01
-2.679807295748540819e-01 4.905382323806866673e-01 -7.198811475639097512e-01
-2.679807295748539708e-01 -5.799895086627900875e-01 7.198811475639103064e-01
-2.659129984851740791e-01 -7.299509313400452948e-01 6.006889625948944600e-01
-2.659129984851740791e-01 6.584789274339393206e-01 -6.006889625948944600e-01
-2.654382174332767796e-01 4.684693761182313620e-01 -7.329106769335982374e-01
-2.654382174332766131e-01 -5.601107330438868104e-01 7.329106769335990146e-01
-2.629608631969421184e-01 -7.472041383042166141e-01 5.840556495781579205e-01
-2.629608631969419519e-01 6.780317746468602635e-01 -5.840556495781569213e-01
-2.624703935025327062e-01 -1.064968690388250344e-01 8.509488688303702419e-01
-2.624703935025322621e-01 2.690093278483957073e-01 -8.509488688303703530e-01
-2.622574991235407382e-01 4.462445561880312717e-01 -7.454969988150740301e-01
-2.622574991235404052e-01 -5.400621388387243371e-01 7.454969988150750293e-01
-2.594418246589093036e-01 -7.640493212621063401e-01 5.670691450394896860e-01
-2.594418246589091370e-01 6.971870557678511160e-01 -5.670691450394890198e-01
-2.584363225744127912e-01 4.238892471546699126e-01 -7.576325019778260561e-01
-2.584363225744127357e-01 -5.198688715963529772e-01 7.576325019778262782e-01
-2.553676549747861957e-01 -7.804646933946204346e-01 5.497397210983271387e-01
-2.553676549747860847e-01 7.159226347226044229e-01 -5.497397210983266946e-01
-2.539733499669540318e-01 4.014290290562398944e-01 -7.693098478115083516e-01
-2.539733499669538652e-01 -4.995561844837435039e-01 7.693098478115086847e-01
-2.507509120885650922e-01 -7.964289604777436971e-01 5.320778572451440036e-01
-2.507509120885647036e-01 7.342168665036002961e-01 -5.320778572451426713e-01
-2.488681605429301225e-01 3.788895533327006349e-01 -7.805219747637680561e-01
-2.488681605429297894e-01 -4.791494042635735529e-01 7.805219747637687222e-01
-2.456049216383871525e-01 -8.119213496970122401e-01 5.140942340042687908e-01
-2.456049216383868472e-01 7.520486260376089138e-01 -5.140942340042677916e-01
-2.431212521588943798e-01 3.562965086678893112e-01 -7.912621026105205457e-01
-2.431212521588942410e-01 -4.586738971853200897e-01 7.912621026105207678e-01
-2.413218894876238418e-01 -9.661515475826000510e-02 8.578332570628313114e-01
-2.413218894876226761e-01 2.576859692253251066e-01 -8.578332570628316445e-01
-2.399437577614694506e-01 -8.269216377665443707e-01 4.957997264751321520e-01
-2.399437577614692563e-01 7.693973363579871272e-01 -4.957997264751314304e-01
-2.367340415836782230e-01 3.336755867915325302e-01 -8.015237365561013183e-01
-2.367340415836779177e-01 -4.381550348360149783e-01 8.015237365561016514e-01
-2.337822228763710708e-01 -8.414101783144032343e-01 4.772053977558511351e-01
-2.337822228763710708e-01 7.862429960435050047e-01 -4.772053977558510796e-01
-2.297088635387325717e-01 3.110524482876578234e-01 -8.113006711608180543e-01
-2.297088635387321276e-01 -4.176181599970655856e-01 8.113006711608184984e-01
-2.271358264702662000e-01 -8.553679284970406860e-01 4.583224922531268786e-01
-2.271358264702658114e-01 8.025662058864734272e-01 -4.583224922531258239e-01
-2.220489684824876186e-01 2.884526884558386572e-01 -8.205869940935165419e-01
-2.220489684824869803e-01 -3.970885525535423066e-01 8.205869940935173190e-01
-2.203320362912802310e-01 -8.614711256113001536e-02 8.641988943272226331e-01
-2.203320362912798425e-01 2.457519309837478683e-01 -8.641988943272227441e-01
-2.200207629202459159e-01 -8.687764748066397757e-01 4.391624288824988454e-01
-2.200207629202456383e-01 8.183481947539581469e-01 -4.391624288824981237e-01
-2.137585191415930508e-01 2.659018032715789182e-01 -8.293770897069008274e-01
-2.137585191415928842e-01 -3.765913955022515691e-01 8.293770897069009385e-01
-2.124538883789886812e-01 -8.816180580362532604e-01 4.197367941630719690e-01
-2.124538883789885424e-01 8.335708446069923783e-01 -4.197367941630715249e-01
-2.048425857936208017e-01 2.434251554920479066e-01 -8.376656424334374407e-01
-2.048425857936203576e-01 -3.561517411047829818e-01 8.376656424334378848e-01
-2.044526967564098130e-01 -8.938755973687867451e-01 4.000573352108888758e-01
-2.044526967564091746e-01 8.482167146438083227e-01 -4.000573352108873770e-01
-1.995249591728424921e-01 -7.510191043744690598e-02 8.700419311802330968e-01
-1.995249591728413263e-01 2.332166027522052931e-01 -8.700419311802333189e-01
-1.960352948301315179e-01 -9.055327135570636621e-01 3.801359526351863471e-01
-1.960352948301310461e-01 8.622690645343236149e-01 -3.801359526351851814e-01
-1.953071403074944090e-01 2.210479409531363737e-01 -8.454476399998033243e-01
-1.953071403074937429e-01 -3.357944772315182291e-01 8.454476399998038794e-01
-1.872203765188026059e-01 -9.165737511634454160e-01 3.599846933418301975e-01
-1.872203765188022728e-01 8.757118767143572402e-01 -3.599846933418294204e-01
-1.851590489496245107e-01 1.987951551035956055e-01 -8.527183764579167047e-01
-1.851590489496243719e-01 -3.155442939423243054e-01 8.527183764579168157e-01
-1.789244617631172984e-01 -6.348957116483205931e-02 8.753588342067157857e-01
-1.789244617631161882e-01 2.200902325949864458e-01 -8.753588342067160077e-01
-1.780271963534331703e-01 -9.269837998287512315e-01 3.396157432482815319e-01
-1.780271963534331425e-01 8.885298777092957012e-01 -3.396157432482815319e-01
-1.744060639653911005e-01 1.766915598216539929e-01 -8.594734550307276955e-01
-1.744060639653907951e-01 -2.954256503493368213e-01 8.594734550307279175e-01
-1.684755421830056443e-01 -9.367487145415501759e-01 3.190414199145012453e-01
-1.684755421830050615e-01 9.007085584582835702e-01 -3.190414199145000240e-01
-1.630568139472798606e-01 1.547616505591198344e-01 -8.657087907710514507e-01
-1.630568139472791944e-01 -2.754627418068456568e-01 8.657087907710517838e-01
-1.585857071516597327e-01 -9.458551348802467507e-01 2.982741650942432599e-01
-1.585857071516593164e-01 9.122341936113459449e-01 -2.982741650942424272e-01
-1.585539943597272516e-01 -5.132095942876869349e-02 8.801463881564234315e-01
-1.585539943597268353e-01 2.063839140983158849e-01 -8.801463881564234315e-01
-1.511207930026527702e-01 1.330296238575754686e-01 -8.714206130318246091e-01
-1.511207930026518542e-01 -2.556794674728549155e-01 8.714206130318250532e-01
-1.483784609857477510e-01 -9.542905032017836575e-01 2.773265372112496685e-01
-1.483784609857475290e-01 9.230938597732674111e-01 -2.773265372112492799e-01
-1.386083487357417376e-01 1.115193452807067970e-01 -8.766054677463013256e-01
-1.386083487357414878e-01 -2.360993982863739959e-01 8.766054677463014366e-01
-1.384366227141036187e-01 -3.860776778677354332e-02 8.844016978883409985e-01
-1.384366227141024808e-01 1.921095722999184574e-01 -8.844016978883412206e-01
-1.378750206299893533e-01 -9.620430817522115374e-01 2.562112037648900942e-01
-1.378750206299885761e-01 9.332754526694567732e-01 -2.562112037648884844e-01
-1.270970202728448628e-01 -9.691019686758434171e-01 2.349409336698413397e-01
-1.270970202728442522e-01 9.427677032105117316e-01 -2.349409336698401463e-01
-1.255306690600896669e-01 9.025431780628553891e-02 -8.812602195168023345e-01
-1.255306690600890285e-01 -2.167457454039377340e-01 8.812602195168025565e-01
-1.185949973524919598e-01 -2.536250149547484775e-02 8.881221901214443326e-01
-1.185949973524915574e-01 1.772799484809545467e-01 -8.881221901214443326e-01
-1.160664808020556854e-01 -9.754571129012067354e-01 2.135285895344387896e-01
-1.160664808020554495e-01 9.515601924336967166e-01 -2.135285895344383456e-01
-1.118997678592326822e-01 6.925765072065473427e-02 -8.853820535107636003e-01
-1.118997678592317802e-01 -1.976413291382212722e-01 8.853820535107639333e-01
-1.048057787320780532e-01 -9.810993278835307141e-01 1.919871198823704939e-01
-1.048057787320780254e-01 9.596433653010466580e-01 -1.919871198823704661e-01
-9.905132347261080827e-02 -1.159846222113423281e-02 8.913056149908183956e-01
-9.905132347260968417e-02 1.619085838408505229e-01 -8.913056149908185066e-01
-9.772846951501611146e-02 4.855202905793483403e-02 -8.889684771629261517e-01
-9.772846951501595880e-02 -1.788085484409290549e-01 8.889684771629262627e-01
-9.333761464585077494e-02 -9.860203041850643668e-01 1.703295513224131197e-01
-9.333761464585012269e-02 9.670085433353977633e-01 -1.703295513224118984e-01
-8.303039232445451334e-02 2.815968362538188649e-02 -8.920173216826463580e-01
-8.303039232445394435e-02 -1.602693509714008813e-01 8.920173216826464690e-01
-8.168498119400545432e-02 -9.902126208760930748e-01 1.485689806709514227e-01
-8.168498119400501023e-02 9.736479360771956859e-01 -1.485689806709506455e-01
-7.982733145679486719e-02 2.670269344346603169e-03 8.939500474082028303e-01
-7.982733145679449249e-02 1.460098020770999039e-01 -8.939500474082029413e-01
-6.987113069522321585e-02 -9.936697557411310333e-01 1.267185670320400692e-01
-6.987113069522297992e-02 9.795546513465589467e-01 -1.267185670320396529e-01
-6.781993082755745361e-02 8.102361655532682588e-03 -8.945267433654129352e-01
-6.781993082755657931e-02 -1.420452037915745924e-01 8.945267433654129352e-01
-6.094424804165317344e-02 1.742885193837559465e-02 8.960538882261346316e-01
-6.094424804165212567e-02 1.295986908935655713e-01 -8.960538882261346316e-01
-5.791954238198921551e-02 -9.963860942763848039e-01 1.047915238397987836e-01
-5.791954238198832733e-02 9.847227042966743005e-01 -1.047915238397971460e-01
-5.211223707005419037e-02 -1.159870187504241298e-02 -8.964952247077756509e-01
-5.211223707005300382e-02 -1.241570647270899969e-01 8.964952247077757619e-01
-4.585388933647723680e-02 -9.983569374662299989e-01 8.280111086795302611e-02
-4.585388933647655679e-02 9.891470252462633006e-01 -8.280111086795179098e-02
-4.242276818333322319e-02 3.266170322859005687e-02 8.976158652049892606e-01
-4.242276818333219623e-02 1.126910824623100077e-01 -8.976158652049892606e-01
-3.592320082636628331e-02 -3.092281222151712500e-02 -8.979215753250140430e-01
-3.592320082636595718e-02 -1.066253544334160447e-01 8.979215753250140430e-01
-3.369800516171828075e-02 -9.995785083280961381e-01 6.076062621135185776e-02
-3.369800516171803095e-02 9.928234662805091038e-01 -6.076062621135142061e-02
-2.428302765657881085e-02 4.835252033330299237e-02 8.986350337823318934e-01
-2.428302765657845003e-02 9.530353286537113222e-02 -8.986350337823318934e-01
-2.147585043356941767e-02 -1.000047957216839700e+00 3.868339824431383384e-02
-2.147585043356939685e-02 9.957488066115072201e-01 -3.868339824431379220e-02
-1.926942880962143403e-02 -4.984984210317702780e-02 -8.988049326709894871e-01
-1.926942880962063953e-02 -8.946992920491581014e-02 8.988049326709894871e-01
-9.211478979292347241e-03 -9.997633658813526170e-01 1.658277756065836689e-02
-9.211478979291658556e-03 9.979207566909870097e-01 -1.658277756065713177e-02
-6.544576424729888278e-03 6.448430133367308303e-02 8.991107776441159549e-01
-6.544576424728905557e-03 7.745330054431140421e-02 -8.991107776441160659e-01
-2.168222896850553489e-03 -6.836025815548815721e-02 -8.991447625597461801e-01
-2.168222896849426352e-03 -7.271005456375628784e-02 8.991447625597461801e-01
3.070995971204934158e-03 -9.987237502678705248e-01 -5.527871099695417893e-03
3.070995971205400365e-03 9.993379610697541438e-01 5.527871099696257499e-03
1.077364718321288141e-02 8.103936774842634971e-02 8.990428090973813235e-01
1.077364718321322141e-02 5.915832378671979919e-02 -8.990428090973813235e-01
1.534743571524425747e-02 -9.969290620661309665e-01 -2.763517693268651917e-02
1.534743571524450033e-02 1.000000000000000000e+00 2.763517693268696326e-02
1.536244260110827820e-02 -8.643514656599211865e-02 -8.989408594885450743e-01
1.536244260110846901e-02 -5.636437966450213999e-02 8.989408594885450743e-01
2.759371004203724914e-02 -9.943801889962499141e-01 -4.972577115573642570e-02
2.759371004203815814e-02 9.999073897783323783e-01 4.972577115573807022e-02
2.765334145343696301e-02 9.799938794064486092e-02 8.984311692442294994e-01
2.765334145343789976e-02 4.043719728013464576e-02 -8.984311692442294994e-01
3.330394459420604053e-02 -1.040562378593038184e-01 -8.981933467621366907e-01
3.330394459420672748e-02 -4.045091254912731166e-02 8.981933467621366907e-01
3.978573118574934425e-02 -9.910789538358888429e-01 -7.178629509215116167e-02
3.978573118575002426e-02 9.990615818290990990e-01 7.178629509215239679e-02
4.407686539222722966e-02 1.153454014248887632e-01 8.972762279569672650e-01
4.407686539222754885e-02 2.130914776516197942e-02 -8.972762279569672650e-01
5.163703576022918990e-02 -1.212059307976459110e-01 -8.969026764181950995e-01
5.163703576023023767e-02 -2.498699628601392525e-02 8.969026764181950995e-01
5.189948772060364035e-02 -9.870281121890062126e-01 -9.380340824941241218e-02
5.189948772060389015e-02 9.974649605292811305e-01 9.380340824941285627e-02
6.002726192224094870e-02 1.330578440416586294e-01 8.955786836544380458e-01
6.002726192224181606e-02 1.794008820748722822e-03 -8.955786836544379348e-01
6.391107835173821805e-02 -9.822313489991861823e-01 -1.157637963864703579e-01
6.391107835173823193e-02 9.951208397779465198e-01 1.157637963864703717e-01
7.034186995099449280e-02 -1.378673153645216531e-01 -8.950696289539619155e-01
7.034186995099589446e-02 -9.989286025305120845e-03 8.950696289539616934e-01
7.548828013873010168e-02 1.511165739650602580e-01 8.933395628796706456e-01
7.548828013873096210e-02 -1.808780518420477837e-02 -8.933395628796704235e-01
7.579674555567629535e-02 -9.766932738122522384e-01 -1.376541795651654576e-01
7.579674555567696148e-02 9.920334583149607033e-01 1.376541795651666789e-01
8.753290902446640709e-02 -9.704194147945659488e-01 -1.594613201809027825e-01
8.753290902446685118e-02 9.882079737953471943e-01 1.594613201809036152e-01
8.939802842326427523e-02 -1.540241948004225647e-01 -8.926953128542597371e-01
8.939802842326466381e-02 4.526272998267305211e-03 8.926953128542597371e-01
9.044439659553558941e-02 1.695008985083610031e-01 8.905602196791070346e-01
9.044439659553588085e-02 -3.831532593761223515e-02 -8.905602196791070346e-01
9.909619886782418396e-02 -9.634162115151098105e-01 -1.811720309677281593e-01
9.909619886782441989e-02 9.836504556273841793e-01 1.811720309677286034e-01
1.048808355920322066e-01 1.881896016910738767e-01 8.872423347837801177e-01
1.048808355920324842e-01 -5.886705879295626997e-02 -8.872423347837800067e-01
1.087845468587946701e-01 -1.696611066607225382e-01 -8.897811639211699042e-01
1.087845468587955722e-01 1.854446648525498106e-02 8.897811639211697932e-01
1.104634885279321965e-01 -9.556910065011245958e-01 -2.027731829729629287e-01
1.104634885279330292e-01 9.783678765842069858e-01 2.027731829729645385e-01
1.187835884335397690e-01 2.071609725301414850e-01 8.833879145929370846e-01
1.187835884335400466e-01 -7.972101110259868784e-02 -8.833879145929369736e-01
1.216119273619469809e-01 -9.472520355787436008e-01 -2.242517134965755221e-01
1.216119273619476054e-01 9.723681032003449465e-01 2.242517134965767156e-01
1.284799431368919276e-01 -1.847633428672748046e-01 -8.863289444057680377e-01
1.284799431368932043e-01 3.205083108556603527e-02 8.863289444057678157e-01
1.321394316391291679e-01 2.263928340168224751e-01 8.789992899607258492e-01
1.321394316391299173e-01 -1.008547212372548768e-01 -8.789992899607255161e-01
1.325189728477148277e-01 -9.381084170117169885e-01 -2.455946339904887532e-01
1.325189728477150497e-01 9.656598849662745288e-01 2.455946339904891973e-01
1.431624223687089914e-01 -9.282701394529493388e-01 -2.667890379130442025e-01
1.431624223687090192e-01 9.582528423357125069e-01 2.667890379130442580e-01
1.449359440721737780e-01 2.458625727399334771e-01 8.740791147866749933e-01
1.449359440721744718e-01 -1.222452882522623990e-01 -8.740791147866746602e-01
1.484622458217784990e-01 -1.993169687265578804e-01 -8.823407419424521558e-01
1.484622458217787211e-01 4.503167337961592326e-02 8.823407419424521558e-01
1.535204445347778668e-01 -9.177480487251897801e-01 -2.878221085338788510e-01
1.535204445347784219e-01 9.501574535619727868e-01 2.878221085338800167e-01
1.571615229704755867e-01 2.655471691152347935e-01 8.686303644108206434e-01
1.571615229704758088e-01 -1.438694021604417783e-01 -8.686303644108205324e-01
1.635716099959194925e-01 -9.065538334488053573e-01 -3.086811266844873836e-01
1.635716099959198533e-01 9.413850403813113221e-01 3.086811266844881607e-01
1.687090233261342442e-01 -2.133088408886560094e-01 -8.778189682865048526e-01
1.687090233261350491e-01 5.747408780083340663e-02 8.778189682865046306e-01
1.688053988542802530e-01 2.854232281799000681e-01 8.626563338144540571e-01
1.688053988542809192e-01 -1.657033747704716176e-01 -8.626563338144536131e-01
1.732949217069931769e-01 -8.947000095361309358e-01 -3.293534784497884615e-01
1.732949217069933712e-01 9.319477525627424264e-01 3.293534784497887946e-01
1.798576492920446468e-01 3.054670109102752829e-01 8.561606356275697216e-01
1.798576492920452297e-01 -1.877231710489729866e-01 -8.561606356275693885e-01
1.826698446020232069e-01 -8.821999035734330308e-01 -3.498266627960411324e-01
1.826698446020238731e-01 9.218585513453589897e-01 3.498266627960426312e-01
1.891974137112588661e-01 -2.267266242228013762e-01 -8.727663578556488222e-01
1.891974137112600041e-01 6.936597347524627033e-02 8.727663578556484891e-01
1.903092115053441336e-01 3.256544660203666286e-01 8.491471979442286599e-01
1.903092115053443556e-01 -2.099044409637574882e-01 -8.491471979442285489e-01
1.916763346375550681e-01 -8.690676351130359745e-01 -3.700882991305005087e-01
1.916763346375554011e-01 9.111311917856967924e-01 3.700882991305012304e-01
2.001518937959159694e-01 3.459612621978848113e-01 8.416202619471532254e-01
2.001518937959161637e-01 -2.322225517650355620e-01 -8.416202619471531143e-01
2.002948671653809465e-01 -8.553180978996377526e-01 -3.901261347882375441e-01
2.002948671653811130e-01 8.997802040391527090e-01 3.901261347882379882e-01
2.085064645958682461e-01 -8.409669400562894692e-01 -4.099280524416018534e-01
2.085064645958682739e-01 8.878208736009365332e-01 4.099280524416019089e-01
2.093783857794326575e-01 3.663628207340716147e-01 8.335843793429862369e-01
2.093783857794331849e-01 -2.546526206608147880e-01 -8.335843793429859039e-01
2.099041550833916636e-01 -2.395588075866491862e-01 -8.671859660764841271e-01
2.099041550833932457e-01 8.069604995534511438e-02 8.671859660764837940e-01
2.162927233140851391e-01 -8.260305432569335915e-01 -4.294820774278397257e-01
2.162927233140855554e-01 8.752692205334327014e-01 4.294820774278408360e-01
2.179822674122065818e-01 3.868343485029601680e-01 8.250444096097744318e-01
2.179822674122073867e-01 -2.771695478421332126e-01 -8.250444096097735436e-01
2.236358398119385194e-01 -8.105260009137630339e-01 -4.487763849904407021e-01
2.236358398119387969e-01 8.621419777082326430e-01 4.487763849904414237e-01
2.259580167986948163e-01 4.073508712452922897e-01 8.160055170583311313e-01
2.259580167986949550e-01 -2.997480498133426319e-01 -8.160055170583309092e-01
2.305186360006052371e-01 -7.944710954090076216e-01 -4.677993074298327225e-01
2.305186360006053481e-01 8.484565680924259778e-01 4.677993074298331666e-01
2.308056165449645092e-01 -2.517947184680020545e-01 -8.610811675368034157e-01
2.308056165449651476e-01 9.145387182692736594e-02 8.610811675368033047e-01
2.333010167693145287e-01 4.278872671118574278e-01 8.064731677092660256e-01
2.333010167693149450e-01 -3.223626929822080989e-01 -8.064731677092654705e-01
2.369245836686522944e-01 -7.778842744020522115e-01 -4.865393411591011352e-01
2.369245836686527384e-01 8.342310811100581702e-01 4.865393411591025230e-01
2.400075602197703217e-01 4.484183004207085710e-01 7.964531259875547997e-01
2.400075602197706826e-01 -3.449879274642402849e-01 -7.964531259875541336e-01
2.428378280524069732e-01 -7.607846262440437490e-01 -5.049851536604652580e-01
2.428378280524071675e-01 8.194842481109033683e-01 5.049851536604659241e-01
2.460748542047595244e-01 4.689186555823586233e-01 7.859514512366653216e-01
2.460748542047596077e-01 -3.675981210554065681e-01 -7.859514512366652106e-01
2.482432104863424860e-01 -7.431918545333625614e-01 -5.231255903383046357e-01
2.482432104863425693e-01 8.042354169799003083e-01 5.231255903383049688e-01
2.515010227806369070e-01 4.893629711468799326e-01 7.749744940543389360e-01
2.515010227806370180e-01 -3.901675933270956076e-01 -7.749744940543387139e-01
2.518778296587639853e-01 -2.634245364792042743e-01 -8.544556539449045252e-01
2.518778296587649845e-01 1.016298421691607945e-01 8.544556539449040811e-01
2.531262901025024270e-01 -7.251262518464913764e-01 -5.409496812645938624e-01
2.531262901025027601e-01 7.885045259218054214e-01 5.409496812645951946e-01
2.562851085933183781e-01 5.097258739266558036e-01 7.635288924522370957e-01
2.562851085933186002e-01 -4.126706497970918375e-01 -7.635288924522365406e-01
2.574733645492749967e-01 -7.066086726799460926e-01 -5.584466478126630662e-01
2.574733645492752743e-01 7.723120764567034113e-01 5.584466478126640654e-01
2.604270732094000063e-01 5.299820131483864438e-01 7.516215678417909052e-01
2.604270732094003393e-01 -4.350816161301577223e-01 -7.516215678417897950e-01
2.612714897011688131e-01 -6.876605056399958116e-01 -5.756059091752745438e-01
2.612714897011689241e-01 7.556791056630842718e-01 5.756059091752752099e-01
2.639277961901980163e-01 5.501060945879691078e-01 7.392597208486664240e-01
2.639277961901980718e-01 -4.573748723218301615e-01 -7.392597208486662019e-01
2.645084983326119743e-01 -6.683036449179244887e-01 -5.924170887630737514e-01
2.645084983326119743e-01 7.386271577062565319e-01 5.924170887630740845e-01
2.667890729101101144e-01 5.700729146418394011e-01 7.264508269583888067e-01
2.667890729101102254e-01 -4.795248868190252201e-01 -7.264508269583881406e-01
2.671730177302073517e-01 -6.485604610895561173e-01 -6.088700204795449711e-01
2.671730177302075182e-01 7.211782546907894442e-01 6.088700204795461923e-01
2.690136111224221693e-01 5.898573942885010357e-01 7.132026319957441851e-01
2.690136111224222248e-01 -5.015062505311329577e-01 -7.132026319957434080e-01
2.692544862193224642e-01 -6.284537712786835151e-01 -6.249547548686782417e-01
2.692544862193225752e-01 7.033548668766305134e-01 6.249547548686787968e-01
2.706050262773760373e-01 -5.232937106854601561e-01 -6.995231474407075378e-01
2.706050262773760373e-01 6.094346128940534291e-01 6.995231474407078709e-01
2.707431685823685763e-01 -6.080068087249048681e-01 -6.406615651316258653e-01
2.707431685823685763e-01 6.851798822993746541e-01 6.406615651316261983e-01
2.715678355990234216e-01 -5.448622044810381704e-01 -6.854206455837262846e-01
2.715678355990234216e-01 6.287798418157889424e-01 6.854206455837266176e-01
2.716301703476343699e-01 -5.872431917971761006e-01 -6.559809530087185037e-01
2.716301703476344254e-01 6.666765758360115868e-01 6.559809530087196139e-01
2.719074509290750896e-01 -5.661868924951466431e-01 -6.709036545232726079e-01
2.719074509290751451e-01 6.478685777581975058e-01 6.709036545232733850e-01
2.730965203823239595e-01 -2.744393056860167102e-01 -8.473134318971285994e-01
2.730965203823253473e-01 1.112152248496686563e-01 8.473134318971281553e-01
2.944371414291727107e-01 -2.848309457543377610e-01 -8.396588204549839674e-01
2.944371414291729327e-01 1.202021556380215711e-01 8.396588204549838563e-01
3.158749050130200686e-01 -2.945922618997683928e-01 -8.314964485333141697e-01
3.158749050130209013e-01 1.285836521226336460e-01 8.314964485333138366e-01
3.373848159304487226e-01 -3.037169536266517977e-01 -8.228312521010857639e-01
3.373848159304498884e-01 1.363536224176888356e-01 8.228312521010853198e-01
3.589417049371664836e-01 -3.121996222448397695e-01 -8.136684711965000982e-01
3.589417049371665946e-01 1.435068726483714752e-01 8.136684711965000982e-01
3.805202623725216782e-01 -3.200357771541276208e-01 -8.040136467582259527e-01
3.805202623725222888e-01 1.500391132043376041e-01 8.040136467582256197e-01
4.020950719866390188e-01 -3.272218408879732365e-01 -7.938726172746668475e-01
4.020950719866399070e-01 1.559469637530426500e-01 7.938726172746662924e-01
4.236406449242176020e-01 -3.337551529097850800e-01 -7.832515152532982805e-01
4.236406449242189898e-01 1.612279570062289114e-01 7.832515152532976144e-01
4.451314538188684278e-01 -3.396339721567890324e-01 -7.721567635122025264e-01
4.451314538188688719e-01 1.658805412345742136e-01 7.721567635122021933e-01
4.665419669516742140e-01 -3.448574783281664891e-01 -7.605950712960491966e-01
4.665419669516749912e-01 1.699040815272074845e-01 7.605950712960486415e-01
4.878466824276094793e-01 -3.494257719158839759e-01 -7.485734302188608025e-01
4.878466824276106450e-01 1.732988597945069875e-01 7.485734302188602474e-01
5.090201623233781003e-01 -3.533398729783262526e-01 -7.360991100360291250e-01
5.090201623233782113e-01 1.760660735143070033e-01 7.360991100360290140e-01
5.300370667603040431e-01 -3.566017186585713761e-01 -7.231796542481344625e-01
5.300370667603044872e-01 1.782078332233507922e-01 7.231796542481342405e-01
5.508721878560148832e-01 -3.592141594508531099e-01 -7.098228755392165246e-01
5.508721878560157714e-01 1.797271587575354490e-01 7.098228755392159695e-01
5.715004835087744706e-01 -3.611809542204474921e-01 -6.960368510522730867e-01
5.715004835087758028e-01 1.806279742461983917e-01 6.960368510522720875e-01
5.918971109686005372e-01 -3.625067639839336109e-01 -6.818299175048286864e-01
5.918971109686008703e-01 1.809151018673915978e-01 6.818299175048284644e-01
6.120374601495532918e-01 -3.631971444584535247e-01 -6.672106661475400990e-01
6.120374601495540690e-01 1.805942543727767635e-01 6.672106661475396550e-01
6.318971866379650137e-01 -3.632585373902787462e-01 -6.521879375688672820e-01
6.318971866379660129e-01 1.796720263924496963e-01 6.521879375688665048e-01
6.514522443517497541e-01 -3.626982606746469440e-01 -6.367708163489758100e-01
6.514522443517498651e-01 1.781558845316632278e-01 6.367708163489756990e-01
6.706789178064390677e-01 -3.615244972804819712e-01 -6.209686255660904486e-01
6.706789178064397339e-01 1.760541562730645326e-01 6.209686255660898935e-01
6.895538539441282699e-01 -3.597462829952331465e-01 -6.047909211586149913e-01
6.895538539441291581e-01 1.733760176996857472e-01 6.047909211586142142e-01
7.080540934820622745e-01 -3.573734930066783111e-01 -5.882474861464471738e-01
7.080540934820633847e-01 1.701314800555361884e-01 5.882474861464459526e-01
7.261571017383042781e-01 -3.544168273401156477e-01 -5.713483247149643285e-01
7.261571017383045001e-01 1.663313751622250425e-01 5.713483247149639954e-01
7.438407988925871406e-01 -3.508877951709294951e-01 -5.541036561652744608e-01
7.438407988925878067e-01 1.619873397115995373e-01 5.541036561652737946e-01
7.610835896412609936e-01 -3.467986980340415082e-01 -5.365239087343681712e-01
7.610835896412619928e-01 1.571117984559197711e-01 5.365239087343670610e-01
7.778643922060224369e-01 -3.421626119532653609e-01 -5.186197132889344141e-01
7.778643922060225480e-01 1.517179463185833743e-01 5.186197132889343031e-01
7.941626666570272830e-01 -3.369933685150502956e-01 -5.004018968966409409e-01
7.941626666570278381e-01 1.458197294498921326e-01 5.004018968966404968e-01
8.099584425119166209e-01 -3.313055349125305638e-01 -4.818814762787572703e-01
8.099584425119173980e-01 1.394318252537830594e-01 4.818814762787563266e-01
8.252323455732341051e-01 -3.251143929872100102e-01 -4.630696511481008359e-01
8.252323455732352153e-01 1.325696214128490036e-01 4.630696511480995592e-01
8.399656239677951719e-01 -3.184359172969637441e-01 -4.439777974363183222e-01
8.399656239677953939e-01 1.252491939403398979e-01 4.439777974363179891e-01
8.541401733526098328e-01 -3.112867522403731657e-01 -4.246174604146102927e-01
8.541401733526103879e-01 1.174872842891567098e-01 4.246174604146095710e-01
8.677385612531340886e-01 -3.036841882686825422e-01 -4.050003477120389661e-01
8.677385612531348658e-01 1.093012755491378774e-01 4.050003477120378559e-01
8.807440505007563258e-01 -2.956461372179237657e-01 -3.851383222356672409e-01
8.807440505007565479e-01 1.007091677651769518e-01 3.851383222356670744e-01
8.931406217376876011e-01 -2.871911067949401430e-01 -3.650433949967973879e-01
8.931406217376880452e-01 9.172955240990864068e-02 3.650433949967968328e-01
9.049129949586822708e-01 -2.783381742521887636e-01 -3.447277178476356729e-01
9.049129949586828259e-01 8.238158604585024691e-02 3.447277178476346737e-01
9.160466500603019480e-01 -2.691069592873222005e-01 -3.242035761328002641e-01
9.160466500603026141e-01 7.268496321299069973e-02 3.242035761327988208e-01
9.265278463698164435e-01 -2.595175962045851992e-01 -3.034833812600961633e-01
9.265278463698166656e-01 6.265988857887325181e-02 3.034833812600958303e-01
9.363436411271963689e-01 -2.495907053760812455e-01 -2.825796631950650006e-01
9.363436411271968129e-01 5.232704838922129509e-02 2.825796631950641680e-01
9.454819068950939265e-01 -2.393473640419010451e-01 -2.615050628838253011e-01
9.454819068950944816e-01 4.170758125811179634e-02 2.615050628838240243e-01
9.539313478731424878e-01 -2.288090764890247097e-01 -2.402723246088139253e-01
9.539313478731425988e-01 3.082304833759660218e-02 2.402723246088137588e-01
9.616815150944142410e-01 -2.179977436497393950e-01 -2.188942882820381908e-01
9.616815150944145740e-01 1.969540290752059067e-02 2.188942882820375802e-01
9.687228204833914225e-01 -2.069356321610998084e-01 -1.973838816804842355e-01
9.687228204833918666e-01 8.346959427072276130e-03 1.973838816804831808e-01
9.750465497563356454e-01 -1.956453429277147937e-01 -1.757541126284073163e-01
9.750465497563360895e-01 -3.199637909662445597e-03 1.757541126284057897e-01
9.806448741465360053e-01 -1.841497792307925374e-01 -1.540180611312060577e-01
9.806448741465362273e-01 -1.492144707119841610e-02 1.540180611312056413e-01
9.855108609384994889e-01 -1.724721144270149054e-01 -1.321888714656569430e-01
9.855108609384995999e-01 -2.679526049563874662e-02 1.321888714656560548e-01
9.896384827967709130e-01 -1.606357592813473512e-01 -1.102797442312664078e-01
9.896384827967711351e-01 -3.879763776303103012e-02 1.102797442312650755e-01
9.930226258767025360e-01 -1.486643289784174982e-01 -8.830392836757780528e-02
9.930226258767026470e-01 -5.090493858847505021e-02 8.830392836757761099e-02
9.956590967061541564e-01 -1.365816098575089177e-01 -6.627471314224571419e-02
9.956590967061542674e-01 -6.309335609092618646e-02 6.627471314224506194e-02
9.975446278287735113e-01 -1.244115259165924081e-01 -4.420542011470905003e-02
9.975446278287735113e-01 -7.533895029226453377e-02 4.420542011470792593e-02
9.986768822011856672e-01 -1.121781051311556143e-01 -2.210939508035211082e-02
9.986768822011857782e-01 -8.761768180088486124e-02 2.210939508035053222e-02
9.990544563381179577e-01 -9.990544563381205390e-02 0.000000000000000000e+00
9.990544563381179577e-01 -9.990544563381180410e-02 0.000000000000000000e+00
