-2.522831099806748800e-01 3.807334145460548047e-01 -8.896040127307096590e-01
-2.521015429272537300e-01 4.016094603713262212e-01 -8.804286759266477524e-01
-2.514932729701594427e-01 3.599555930922936908e-01 -8.984336951897630152e-01
-2.509447605001922099e-01 4.225403200610428622e-01 -8.709112498413443815e-01
-2.497377652728712538e-01 3.393191927621764248e-01 -9.069142925435331737e-01
-2.488108810544377991e-01 4.434824547887360469e-01 -8.610554324568604478e-01
-2.470242309556992533e-01 3.188671115382806787e-01 -9.150425096682552883e-01
-2.456999564112985202e-01 4.643922830969413607e-01 -8.508650532367023622e-01
-2.433622096393605883e-01 2.986418642071140828e-01 -9.228151883569902791e-01
-2.416139718571831407e-01 4.852262666699369564e-01 -8.403440716378924868e-01
-2.387631176341162564e-01 2.786854986867644546e-01 -9.302293085467403522e-01
-2.365568423393776265e-01 5.059409960221410429e-01 -8.294965755725256518e-01
-2.332402253841948381e-01 2.590395132732686845e-01 -9.372819894918914541e-01
-2.305344048663349465e-01 5.264932759336127255e-01 -8.183267798194174825e-01
-2.268086312652995706e-01 2.397447749684724627e-01 -9.439704908835222508e-01
-2.235544071274247202e-01 5.468402104646414852e-01 -8.068390243864584921e-01
-2.194852317867267977e-01 2.208414390500025581e-01 -9.502922139141469771e-01
-2.156264923545190559e-01 5.669392873822072243e-01 -7.950377728243115394e-01
-2.112886882567077129e-01 2.023688700415429143e-01 -9.562447022874788205e-01
-2.067621804551915687e-01 5.867484618322752477e-01 -7.829276104921027990e-01
-2.022393899765375369e-01 1.843655642388528360e-01 -9.618256431728192668e-01
-1.969748454546272065e-01 6.062262390933463863e-01 -7.705132427757893643e-01
-1.923594140358818039e-01 1.668690739438939419e-01 -9.670328681037059226e-01
-1.862796892906121160e-01 6.253317562485134484e-01 -7.577994932598878242e-01
-1.816724817883339782e-01 1.499159335560871498e-01 -9.718643538204672083e-01
-1.746937120131377141e-01 6.440248626153896039e-01 -7.447913018532772433e-01
-1.702039120928353355e-01 1.335415876660629997e-01 -9.763182230563565156e-01
-1.622356784472279989e-01 6.622661987757189062e-01 -7.314937228698054072e-01
-1.579805714129174088e-01 1.177803212933253990e-01 -9.803927452669614073e-01
-1.489260813845542097e-01 6.800172740492375079e-01 -7.179119230644420702e-01
-1.450308208719137126e-01 1.026651924050379361e-01 -9.840863373026044192e-01
-1.347871013762276526e-01 6.972405422594081248e-01 -7.040511796257435950e-01
-1.313844603682782219e-01 8.822796684865723271e-02 -9.873975640234730067e-01
-1.198425632058461310e-01 7.138994756420141696e-01 -6.899168781254086946e-01
-1.170726698609141497e-01 7.449905582637859902e-02 -9.903251388572419378e-01
-1.041178891284025992e-01 7.299586367512472806e-01 -6.755145104257245237e-01
-1.021279479400082763e-01 6.150745603437925840e-02 -9.928679242989683074e-01
-8.764004896701338421e-02 7.453837482218729216e-01 -6.608496725457092547e-01
-8.658404780417942870e-02 4.928069258458449287e-02 -9.950249323530678813e-01
-7.047591076986522984e-02 3.784476482122040714e-02 -9.967953249171991326e-01
-7.043750716562321990e-02 7.601417602502563708e-01 -6.459280624867870246e-01
-5.383959744372558004e-02 2.722409513872270717e-02 -9.981784141079065309e-01
-5.254016690181081972e-02 7.742009156615320409e-01 -6.307554780188400212e-01
-3.671221669342071559e-02 1.744148090165915585e-02 -9.991736625278972994e-01
-3.397931136961407361e-02 7.875308124349458261e-01 -6.153378144274905814e-01
-3.047543316444623757e-02 1.478481311857518243e-01 9.885404281456171560e-01
-3.028064372078465016e-02 1.676999557746521319e-01 9.853729281084571134e-01
-2.969954081163667797e-02 1.280429494879114782e-01 9.913238322374854361e-01
-2.911390382082563316e-02 1.875548871024809439e-01 9.818225628535368621e-01
-2.795616654577085664e-02 1.083278469031090790e-01 9.937220588964510437e-01
-2.697587856360468203e-02 2.073693748215695576e-01 9.778907118701113399e-01
-2.525043513977297607e-02 8.874607418529133207e-02 9.957341762950344677e-01
-2.386916553849835129e-02 2.270999401514437188e-01 9.735789028731602901e-01
-2.158938613564924391e-02 6.934061144747032113e-02 9.973594026279477553e-01
-1.979828975540411790e-02 2.467032615009931151e-01 9.688888112097969740e-01
-1.913185255648462701e-02 8.518049561240406339e-03 -9.997806834748454996e-01
-1.698195995761844768e-02 5.015408352131238423e-02 9.985971064158633004e-01
-1.478754234785430687e-02 8.001024635643906313e-01 -5.996810622234984844e-01
-1.476969478359018047e-02 2.661362597816770426e-01 9.638222592083144358e-01
-1.143898028611365671e-02 3.122867601568987336e-02 9.994468067507750186e-01
-8.791730116643079948e-03 2.853561832439718837e-01 9.583812154701222275e-01
-4.973132727322073128e-03 1.260605223929188098e-02 9.999081734828537682e-01
-1.874634788361975550e-03 3.043206916702030917e-01 9.525677941048497077e-01
-1.137489231026551613e-03 0.000000000000000000e+00 -9.999992410916452856e-01
2.401060179783145836e-03 -5.672728849308274028e-03 9.999810273487268475e-01
5.001283825220520854e-03 8.118883541364024792e-01 -5.837913048151566198e-01
5.969482728178016930e-03 3.229879397581763012e-01 9.463842539089113437e-01
1.066726756976437741e-02 -2.356729350275724860e-02 9.996653400411309454e-01
1.472666829885964021e-02 3.413166595315993423e-01 9.398329974878545379e-01
1.723106570419084826e-02 -6.675350416750046832e-03 -9.998292504580527096e-01
1.980738241412860479e-02 -4.103803269815278765e-02 9.989612342199100103e-01
2.438114953728921439e-02 3.592662416152194171e-01 9.329165703228318174e-01
2.535212274505285746e-02 8.228624955133627683e-01 -5.676747161445900858e-01
2.980155717856717776e-02 -5.804618014602122567e-02 9.978689834643564849e-01
3.491536679018945877e-02 3.767968152148189476e-01 9.256376597815562102e-01
3.593325968929892561e-02 -1.291177119783796894e-02 -9.992707776236809947e-01
4.062824290389535631e-02 -7.455388864161148488e-02 9.963890121669127797e-01
4.622881077087876572e-02 8.330004765153281587e-01 -5.513375582888819793e-01
4.631000763847764601e-02 3.938693266447653163e-01 9.179990940741299399e-01
5.226423163382664522e-02 -9.052430460833633952e-02 9.945218953682734009e-01
5.492787504829009515e-02 -1.822197943920068203e-02 -9.983240395823376190e-01
5.854404484617504317e-02 4.104456162486671555e-01 9.100038411541463423e-01
6.468470210613491700e-02 -1.059216406867487525e-01 9.922683585339542311e-01
6.759413605744669928e-02 8.422795114998354871e-01 -5.347861790269508031e-01
7.159477768251253094e-02 4.264884935618495909e-01 9.016550075654966578e-01
7.417311016233930909e-02 -2.259375281528072307e-02 -9.969894041877112034e-01
7.786326861734109428e-02 -1.207112462262873859e-01 9.896292772724140097e-01
8.543787653596053577e-02 4.419618105678176367e-01 8.929558372353262330e-01
8.940991164865098872e-02 8.506784852451078072e-01 -5.180270093731303982e-01
9.177203296481506456e-02 -1.348596755411446690e-01 9.866056769948376992e-01
9.362666179181154680e-02 -2.601673660401229021e-02 -9.952673900104429539e-01
1.000474307324401152e-01 4.568305329046276064e-01 8.839097102136119766e-01
1.063816393641369290e-01 -1.483347537960146012e-01 9.831987325167147462e-01
1.116370504893243604e-01 8.581779945483918315e-01 -5.010665610784102997e-01
1.132458083850577391e-01 -2.848246409481620944e-02 -9.931586661366361701e-01
1.153959994636674924e-01 4.710608088811166216e-01 8.745201413598484574e-01
1.216613322337031372e-01 -1.611056403921322100e-01 9.794097676013658882e-01
1.314546657254699047e-01 4.846200361672486356e-01 8.647907789773544573e-01
1.329874942101371971e-01 -2.998437328277899633e-02 -9.906640519078845353e-01
1.342356422076614875e-01 8.647603864576098864e-01 -4.839114241003014127e-01
1.375790167329298541e-01 -1.731428897289390700e-01 9.752402544455969213e-01
1.481930931599880763e-01 4.974769260274103932e-01 8.547254033957301100e-01
1.528084141440101962e-01 -3.051781981618514883e-02 -9.877845166029175505e-01
1.541013219349868513e-01 -1.844185092218674771e-01 9.706918131076791578e-01
1.571650315172580803e-01 8.704097930611269796e-01 -4.665682640423214900e-01
1.655795856899706930e-01 5.096015649703219408e-01 8.443279255020150753e-01
1.711936665098155175e-01 -1.949060144621332646e-01 9.657662108778773957e-01
1.726650989524200486e-01 -3.008008617193231107e-02 -9.845211790609891267e-01
1.803838980845805240e-01 8.751121627672148184e-01 -4.490438195640814589e-01
1.835811498278765164e-01 5.209654736943083453e-01 8.336023852211195129e-01
1.888203267882426761e-01 -2.045804814100460611e-01 9.604653615917728704e-01
1.925140008927490598e-01 -2.867038704078578998e-02 -9.808753072471536605e-01
2.021635595372346661e-01 5.315416632119972506e-01 8.225529499461166072e-01
2.038503377047725384e-01 8.788552880116878852e-01 -4.313448997629894532e-01
2.069445070733305914e-01 -2.134185955191875428e-01 9.547913248866443103e-01
2.123115794714809101e-01 -2.628987091187851705e-02 -9.768483177596006817e-01
2.212914235186981826e-01 5.413046880440574027e-01 8.111839129190085984e-01
2.255284120606670939e-01 -2.213986976948337237e-01 9.487463054011991970e-01
2.275219446261578793e-01 8.816288293392136044e-01 -4.134783815285865693e-01
2.320143871875975095e-01 -2.294161785333979908e-02 -9.724417752792374747e-01
2.409282547884558645e-01 5.502306963773528903e-01 7.994996915625934841e-01
2.445333212251649402e-01 -2.285008269962311434e-01 9.423326519189647588e-01
2.513558948615240984e-01 8.834243358109362676e-01 -3.954512068705425820e-01
2.515791550932789389e-01 -1.863063349341541330e-02 -9.676573919617345032e-01
2.610365424121572908e-01 5.582974770888631255e-01 7.875048257640815397e-01
2.639196650280681289e-01 -2.347067599987407438e-01 9.355528564556712112e-01
2.709628780036208440e-01 -1.336383921391846169e-02 -9.624970267722697814e-01
2.753090303223361124e-01 8.842352616982749325e-01 -3.772703802213452917e-01
2.815778252532665782e-01 5.654845035428784916e-01 7.752039761111297889e-01
2.836471027942807921e-01 -2.400000467384281744e-01 9.284095532909831805e-01
2.901228991877745078e-01 -7.150058575294403196e-03 -9.569626847632306532e-01
2.993379436104093294e-01 8.840569794300575657e-01 -3.589429657147417130e-01
3.025127675908047542e-01 5.717729740753336731e-01 7.626019220809763244e-01
3.036746021068509327e-01 -2.443660431684045731e-01 9.209055179449535666e-01
3.090169943749472292e-01 0.000000000000000000e+00 -9.510565162951536422e-01
3.233990633002788440e-01 8.828867887675311277e-01 -3.404760844409765452e-01
3.238012364577516622e-01 5.771458490856481438e-01 7.497035601833816898e-01
3.239605195624566392e-01 -2.477919400630811120e-01 9.130436660995998599e-01
3.444626827290694915e-01 -2.502667883134868099e-01 9.048270524660194658e-01
3.454023805480060938e-01 5.815878846631221677e-01 7.365139020580977469e-01
3.474487395445366444e-01 8.807239221891955960e-01 -3.218769116799037877e-01
3.651384731445963538e-01 -2.517815205638963549e-01 8.962588695974870179e-01
3.672747105367129006e-01 5.850856626817515505e-01 7.230380725276016607e-01
3.714433298337719291e-01 8.775695464748708430e-01 -3.031526741130438074e-01
3.859449101932644899e-01 -2.523289691472132557e-01 8.873424466489910900e-01
3.893761806559837280e-01 5.876276173042664919e-01 7.092813076058533950e-01
3.953392847424490597e-01 8.734267604858827472e-01 -2.843106470156634979e-01
4.068387356947789635e-01 -2.519038802838275970e-01 8.780812480836980294e-01
4.116642713655732644e-01 5.892040578432645725e-01 6.952489524638513219e-01
4.190932334920799973e-01 8.683005891457263870e-01 -2.653581514299823141e-01
4.277764990398890133e-01 -2.505029245160247942e-01 8.684788723268370703e-01
4.340960729559169562e-01 5.898071879344763957e-01 6.809464593527720933e-01
4.426620691634145510e-01 8.621979736330476207e-01 -2.463025513205878703e-01
4.487146427049120700e-01 -2.481247033574160710e-01 8.585390503675399687e-01
4.566283699191039380e-01 5.894311209844445010e-01 6.663793854855079024e-01
4.660030333900497257e-01 8.551277578062289608e-01 -2.271512507131835668e-01
4.696095879770356696e-01 -2.447697521443128743e-01 8.482656443091695087e-01
4.792177259218451946e-01 5.880718918622389602e-01 6.515533908774187033e-01
4.890738003669032885e-01 8.471006708862737211e-01 -2.079116908177590650e-01
4.904178207217887442e-01 -2.404405390834358780e-01 8.376626458687042032e-01
5.018205692133181905e-01 5.857274648122061667e-01 6.364742361471413812e-01
5.110959770239963396e-01 -2.351414604978258882e-01 8.267341748257635015e-01
5.118325600083081239e-01 8.381293064320510799e-01 -1.885913471373241168e-01
5.243932782999091158e-01 5.823977375721868244e-01 6.211477802783104130e-01
5.316009285337806034e-01 -2.288788322803058106e-01 8.154844774218733550e-01
5.342381000921938572e-01 8.282280976492470970e-01 -1.691977265633089478e-01
5.468922677183514214e-01 5.780845416891036148e-01 6.055799783430575456e-01
5.518898673497557583e-01 -2.216608775713027890e-01 8.039179247105944226e-01
5.562498872287894303e-01 8.174132890815818397e-01 -1.497383644587758356e-01
5.692740737385654226e-01 5.727916390312902672e-01 5.897768791881777828e-01
5.719203902724595556e-01 -2.134977106852588291e-01 7.920390108591565115e-01
5.778281464946072310e-01 8.057029047399691946e-01 -1.302208217305618754e-01
5.914954398276420777e-01 5.665247145044230992e-01 5.737446230848582962e-01
5.916505822623246980e-01 -2.044013173172421760e-01 7.798523514022562830e-01
5.989339395750848949e-01 7.931167127322981125e-01 -1.106526818915008620e-01
6.110390989380383164e-01 -1.943855310686882498e-01 7.673626814486967929e-01
6.135134017068823997e-01 5.592913649853756830e-01 5.574894393428855288e-01
6.195292412622036560e-01 7.796761864633994232e-01 -9.104154811386162838e-02
6.300452479530336269e-01 -1.834660063384322970e-01 7.545748538415699702e-01
6.352853718346070933e-01 5.511010844957591193e-01 5.410176438902554175e-01
6.395770141566268219e-01 7.654044624815069531e-01 -7.139504027514362305e-02
6.486290690900682332e-01 -1.716601876323516351e-01 7.414938372726892490e-01
6.567692231485773302e-01 5.419652456443057043e-01 5.243356368191288697e-01
6.590412814274425601e-01 7.503262950541167431e-01 -5.172079199738757044e-02
6.667514129163547576e-01 -1.589872753519739890e-01 7.281247143520127585e-01
6.778871974864085770e-01 7.344680075625827920e-01 -3.202644768114140672e-02
6.779233719033262995e-01 5.318970773745916869e-01 5.074498998990856213e-01
6.843740178445482103e-01 -1.454681881293355128e-01 7.144726796328032536e-01
6.960811164377050941e-01 7.178574408110386385e-01 -1.231965953523828441e-02
6.987068594394780785e-01 5.209116390618599990e-01 4.903669940586416476e-01
7.014595854480278891e-01 -1.311255217821677976e-01 7.005430375932910625e-01
7.135906581685674821e-01 7.005238983513140116e-01 7.391915396454976257e-03
7.179718538823455232e-01 -1.159835049701310045e-01 6.863412005756259759e-01
7.190794327242370221e-01 5.090257910098882066e-01 4.730935568360101207e-01
7.303847719508207437e-01 6.824980889313712051e-01 2.710061821017422171e-02
7.338756692684291760e-01 -1.000679516393109675e-01 6.718726866829218825e-01
7.390016235046380499e-01 4.962581614059224933e-01 4.556362998000955122e-01
7.464337974282252430e-01 6.638120661804532974e-01 4.679879111811256071e-02
7.491370548971568732e-01 -8.340621034850528859e-02 6.571431176352034997e-01
7.584348259178870233e-01 4.826291097986680767e-01 4.380020059427235934e-01
7.617095228696896259e-01 6.444991656495674404e-01 6.647878042384178232e-02
7.637232781191792830e-01 -6.602711057695963281e-02 6.421582165850973078e-01
7.761852405737802441e-01 6.245939393311276122e-01 8.613293949614587997e-02
7.773413724061465357e-01 4.681606871711629925e-01 4.201975270431195231e-01
7.776029147884404580e-01 -4.796090611915301838e-02 6.269238058941064562e-01
7.898357993155650236e-01 6.041320877865369310e-01 1.057536317401097797e-01
7.907459111326443635e-01 -2.923921567795996837e-02 6.114458048703433901e-01
7.956846077864634381e-01 4.528765926870604308e-01 4.022297810056587042e-01
8.026376537326376237e-01 5.831503900152018582e-01 1.253332335643040918e-01
8.031236429289844159e-01 -9.894960773022386941e-03 5.957302274685897236e-01
8.134289613301577404e-01 4.368021271953863027e-01 3.841057491719258588e-01
8.145689105531974672e-01 5.616866312029041852e-01 1.448641373429240820e-01
8.147089718687483550e-01 1.003769891354491968e-02 5.797831799535823061e-01
8.254762989999379075e-01 3.052343262696231158e-02 5.636108585274350880e-01
8.256093715752653717e-01 5.397795284916310221e-01 1.643387543717179100e-01
8.305400167099106223e-01 4.199641435852144444e-01 3.658324736081242090e-01
8.354016151427973158e-01 5.152580793315714169e-02 5.472195469221113884e-01
8.357405733125076175e-01 5.174686549168547867e-01 1.837495178165703680e-01
8.444625481790900556e-01 7.300736227922131893e-02 5.306156139578900310e-01
8.449458232286948256e-01 4.947943616618620255e-01 2.030888856535820186e-01
8.469845796769828183e-01 4.023909940878986902e-01 3.474170543688914203e-01
8.526384071221138061e-01 9.492967658021431165e-02 5.138055110687702598e-01
8.532102324895356471e-01 4.717976987820290402e-01 2.223493435995129996e-01
8.599102228807823378e-01 1.172534506875834992e-01 4.967957697957759988e-01
8.605207451674682373e-01 4.485203345549675369e-01 2.415234080314477283e-01
8.627307433354578503e-01 3.841124746305020210e-01 3.288666467385832348e-01
8.662607856375921234e-01 1.399385805907810698e-01 4.795929992491332339e-01
8.668661638419745685e-01 4.250044736151529778e-01 2.606036288945447477e-01
8.716746787669620300e-01 1.629442372002339601e-01 4.622038835403132762e-01
8.722371715450699670e-01 4.012927740340455629e-01 2.795825925967435621e-01
8.761383092272355677e-01 1.862289465567275593e-01 4.446351791849273427e-01
8.766263500088058436e-01 3.774282635087835569e-01 2.984529248893079134e-01
8.777479508851295797e-01 3.651597663498641899e-01 3.101884584510986032e-01
8.796399343665659565e-01 2.097506713094491326e-01 4.268937124774958569e-01
8.800281941789014351e-01 3.534542548242897708e-01 3.172072937320762898e-01
8.821696850899669595e-01 2.334668933024464932e-01 4.089863768390979426e-01
8.824391229659603875e-01 3.294142607550465951e-01 3.358384121423171886e-01
8.837195853419573810e-01 2.573346971070722966e-01 3.909201301389459426e-01
8.838574862131267640e-01 3.053519085739154204e-01 3.543390410260764400e-01
8.842835678664844323e-01 2.813108543361336200e-01 3.727019919909139167e-01
8.920070557096356767e-01 3.455653743823334234e-01 2.913897468893246190e-01
9.054803786916579833e-01 3.253630640495467907e-01 2.724778162652916613e-01
9.181417626424619449e-01 3.045877945657615160e-01 2.534600147821318150e-01
9.299666237387265166e-01 2.832756503971205486e-01 2.343437317789454633e-01
9.409319998655010231e-01 2.614637704078457414e-01 2.151363948596843878e-01
9.510165957702094719e-01 2.391902749327128874e-01 1.958454670071669568e-01
9.602008249388924721e-01 2.164941909192343028e-01 1.764784436833471415e-01
9.684668481123315242e-01 1.934153752867758258e-01 1.570428499169634895e-01
9.757986083662966159e-01 1.699944366533392148e-01 1.375462373797002869e-01
9.821818626869289748e-01 1.462726555839536924e-01 1.179961814519965013e-01
9.876042099791541018e-01 1.222919035175252939e-01 9.840027827964270557e-02
9.920551154530382609e-01 9.809456053159414102e-02 7.876614182230967653e-02
9.955259313401302323e-01 7.372343210673457103e-02 5.910140089515541345e-02
9.980099138990399243e-01 4.922166505429988875e-02 3.941369620466021739e-02
9.995022366768101518e-01 2.463266277286001518e-02 1.971067737984117524e-02
1.000000000000000000e+00 0.000000000000000000e+00 0.000000000000000000e+00
